Dataset Size: 2162                          
Initial Event        Percentage of A->X        Frequency of A       Frequency of A->X
1.000000             58.196721                 244.000000           142.000000     
1.000000             4.918033                  244.000000           12.000000      
1.000000             3.688525                  244.000000           9.000000       
1.000000             3.278689                  244.000000           8.000000       
1.000000             3.278689                  244.000000           8.000000       
1.000000             2.868852                  244.000000           7.000000       
1.000000             2.868852                  244.000000           7.000000       
1.000000             2.868852                  244.000000           7.000000       
1.000000             2.049180                  244.000000           5.000000       
1.000000             2.049180                  244.000000           5.000000       
1.000000             1.639344                  244.000000           4.000000       
1.000000             1.229508                  244.000000           3.000000       
1.000000             1.229508                  244.000000           3.000000       
1.000000             0.819672                  244.000000           2.000000       
1.000000             0.819672                  244.000000           2.000000       
1.000000             0.819672                  244.000000           2.000000       
1.000000             0.819672                  244.000000           2.000000       
1.000000             0.819672                  244.000000           2.000000       
1.000000             0.409836                  244.000000           1.000000       
1.000000             0.409836                  244.000000           1.000000       
1.000000             0.409836                  244.000000           1.000000       
1.000000             0.409836                  244.000000           1.000000       
1.000000             0.409836                  244.000000           1.000000       
1.000000             0.409836                  244.000000           1.000000       
1.000000             0.409836                  244.000000           1.000000       
1.000000             0.409836                  244.000000           1.000000       
1.000000             0.409836                  244.000000           1.000000       
1.000000             0.409836                  244.000000           1.000000       
1.000000             0.409836                  244.000000           1.000000       
1.000000             0.409836                  244.000000           1.000000       
1.000000             0.409836                  244.000000           1.000000       
1.000000             0.409836                  244.000000           1.000000       
2.000000             55.000000                 100.000000           55.000000      
2.000000             12.000000                 100.000000           12.000000      
2.000000             9.000000                  100.000000           9.000000       
2.000000             7.000000                  100.000000           7.000000       
2.000000             5.000000                  100.000000           5.000000       
2.000000             4.000000                  100.000000           4.000000       
2.000000             3.000000                  100.000000           3.000000       
2.000000             2.000000                  100.000000           2.000000       
2.000000             2.000000                  100.000000           2.000000       
2.000000             1.000000                  100.000000           1.000000       
3.000000             49.532710                 107.000000           53.000000      
3.000000             14.953271                 107.000000           16.000000      
3.000000             11.214953                 107.000000           12.000000      
3.000000             5.607477                  107.000000           6.000000       
3.000000             3.738318                  107.000000           4.000000       
3.000000             2.803738                  107.000000           3.000000       
3.000000             1.869159                  107.000000           2.000000       
3.000000             1.869159                  107.000000           2.000000       
3.000000             1.869159                  107.000000           2.000000       
3.000000             0.934579                  107.000000           1.000000       
3.000000             0.934579                  107.000000           1.000000       
3.000000             0.934579                  107.000000           1.000000       
3.000000             0.934579                  107.000000           1.000000       
3.000000             0.934579                  107.000000           1.000000       
3.000000             0.934579                  107.000000           1.000000       
3.000000             0.934579                  107.000000           1.000000       
4.000000             53.846154                 91.000000            49.000000      
4.000000             14.285714                 91.000000            13.000000      
4.000000             12.087912                 91.000000            11.000000      
4.000000             5.494505                  91.000000            5.000000       
4.000000             3.296703                  91.000000            3.000000       
4.000000             2.197802                  91.000000            2.000000       
4.000000             1.098901                  91.000000            1.000000       
4.000000             1.098901                  91.000000            1.000000       
4.000000             1.098901                  91.000000            1.000000       
4.000000             1.098901                  91.000000            1.000000       
4.000000             1.098901                  91.000000            1.000000       
4.000000             1.098901                  91.000000            1.000000       
4.000000             1.098901                  91.000000            1.000000       
4.000000             1.098901                  91.000000            1.000000       
5.000000             53.488372                 86.000000            46.000000      
5.000000             17.441860                 86.000000            15.000000      
5.000000             8.139535                  86.000000            7.000000       
5.000000             8.139535                  86.000000            7.000000       
5.000000             4.651163                  86.000000            4.000000       
5.000000             2.325581                  86.000000            2.000000       
5.000000             2.325581                  86.000000            2.000000       
5.000000             1.162791                  86.000000            1.000000       
5.000000             1.162791                  86.000000            1.000000       
5.000000             1.162791                  86.000000            1.000000       
6.000000             53.333333                 75.000000            40.000000      
6.000000             20.000000                 75.000000            15.000000      
6.000000             13.333333                 75.000000            10.000000      
6.000000             5.333333                  75.000000            4.000000       
6.000000             1.333333                  75.000000            1.000000       
6.000000             1.333333                  75.000000            1.000000       
6.000000             1.333333                  75.000000            1.000000       
6.000000             1.333333                  75.000000            1.000000       
6.000000             1.333333                  75.000000            1.000000       
6.000000             1.333333                  75.000000            1.000000       
7.000000             53.061224                 49.000000            26.000000      
7.000000             16.326531                 49.000000            8.000000       
7.000000             10.204082                 49.000000            5.000000       
7.000000             6.122449                  49.000000            3.000000       
7.000000             2.040816                  49.000000            1.000000       
7.000000             2.040816                  49.000000            1.000000       
7.000000             2.040816                  49.000000            1.000000       
7.000000             2.040816                  49.000000            1.000000       
7.000000             2.040816                  49.000000            1.000000       
7.000000             2.040816                  49.000000            1.000000       
7.000000             2.040816                  49.000000            1.000000       
8.000000             37.681159                 69.000000            26.000000      
8.000000             18.840580                 69.000000            13.000000      
8.000000             13.043478                 69.000000            9.000000       
8.000000             13.043478                 69.000000            9.000000       
8.000000             8.695652                  69.000000            6.000000       
8.000000             2.898551                  69.000000            2.000000       
8.000000             2.898551                  69.000000            2.000000       
8.000000             1.449275                  69.000000            1.000000       
8.000000             1.449275                  69.000000            1.000000       
9.000000             44.444444                 54.000000            24.000000      
9.000000             9.259259                  54.000000            5.000000       
9.000000             7.407407                  54.000000            4.000000       
9.000000             7.407407                  54.000000            4.000000       
9.000000             5.555556                  54.000000            3.000000       
9.000000             5.555556                  54.000000            3.000000       
9.000000             5.555556                  54.000000            3.000000       
9.000000             3.703704                  54.000000            2.000000       
9.000000             1.851852                  54.000000            1.000000       
9.000000             1.851852                  54.000000            1.000000       
9.000000             1.851852                  54.000000            1.000000       
9.000000             1.851852                  54.000000            1.000000       
9.000000             1.851852                  54.000000            1.000000       
9.000000             1.851852                  54.000000            1.000000       
10.000000            41.176471                 51.000000            21.000000      
10.000000            11.764706                 51.000000            6.000000       
10.000000            11.764706                 51.000000            6.000000       
10.000000            5.882353                  51.000000            3.000000       
10.000000            3.921569                  51.000000            2.000000       
10.000000            3.921569                  51.000000            2.000000       
10.000000            3.921569                  51.000000            2.000000       
10.000000            3.921569                  51.000000            2.000000       
10.000000            1.960784                  51.000000            1.000000       
10.000000            1.960784                  51.000000            1.000000       
10.000000            1.960784                  51.000000            1.000000       
10.000000            1.960784                  51.000000            1.000000       
10.000000            1.960784                  51.000000            1.000000       
10.000000            1.960784                  51.000000            1.000000       
10.000000            1.960784                  51.000000            1.000000       
11.000000            32.758621                 58.000000            19.000000      
11.000000            8.620690                  58.000000            5.000000       
11.000000            6.896552                  58.000000            4.000000       
11.000000            5.172414                  58.000000            3.000000       
11.000000            5.172414                  58.000000            3.000000       
11.000000            5.172414                  58.000000            3.000000       
11.000000            3.448276                  58.000000            2.000000       
11.000000            3.448276                  58.000000            2.000000       
11.000000            3.448276                  58.000000            2.000000       
11.000000            3.448276                  58.000000            2.000000       
11.000000            3.448276                  58.000000            2.000000       
11.000000            3.448276                  58.000000            2.000000       
11.000000            1.724138                  58.000000            1.000000       
11.000000            1.724138                  58.000000            1.000000       
11.000000            1.724138                  58.000000            1.000000       
11.000000            1.724138                  58.000000            1.000000       
11.000000            1.724138                  58.000000            1.000000       
11.000000            1.724138                  58.000000            1.000000       
11.000000            1.724138                  58.000000            1.000000       
11.000000            1.724138                  58.000000            1.000000       
11.000000            1.724138                  58.000000            1.000000       
12.000000            36.734694                 49.000000            18.000000      
12.000000            28.571429                 49.000000            14.000000      
12.000000            16.326531                 49.000000            8.000000       
12.000000            6.122449                  49.000000            3.000000       
12.000000            4.081633                  49.000000            2.000000       
12.000000            4.081633                  49.000000            2.000000       
12.000000            2.040816                  49.000000            1.000000       
12.000000            2.040816                  49.000000            1.000000       
13.000000            34.042553                 47.000000            16.000000      
13.000000            17.021277                 47.000000            8.000000       
13.000000            14.893617                 47.000000            7.000000       
13.000000            8.510638                  47.000000            4.000000       
13.000000            6.382979                  47.000000            3.000000       
13.000000            4.255319                  47.000000            2.000000       
13.000000            4.255319                  47.000000            2.000000       
13.000000            2.127660                  47.000000            1.000000       
13.000000            2.127660                  47.000000            1.000000       
13.000000            2.127660                  47.000000            1.000000       
13.000000            2.127660                  47.000000            1.000000       
13.000000            2.127660                  47.000000            1.000000       
14.000000            44.117647                 34.000000            15.000000      
14.000000            26.470588                 34.000000            9.000000       
14.000000            8.823529                  34.000000            3.000000       
14.000000            5.882353                  34.000000            2.000000       
14.000000            5.882353                  34.000000            2.000000       
14.000000            2.941176                  34.000000            1.000000       
14.000000            2.941176                  34.000000            1.000000       
14.000000            2.941176                  34.000000            1.000000       
15.000000            53.846154                 26.000000            14.000000      
15.000000            23.076923                 26.000000            6.000000       
15.000000            11.538462                 26.000000            3.000000       
15.000000            3.846154                  26.000000            1.000000       
15.000000            3.846154                  26.000000            1.000000       
15.000000            3.846154                  26.000000            1.000000       
16.000000            40.625000                 32.000000            13.000000      
16.000000            15.625000                 32.000000            5.000000       
16.000000            12.500000                 32.000000            4.000000       
16.000000            9.375000                  32.000000            3.000000       
16.000000            9.375000                  32.000000            3.000000       
16.000000            3.125000                  32.000000            1.000000       
16.000000            3.125000                  32.000000            1.000000       
16.000000            3.125000                  32.000000            1.000000       
16.000000            3.125000                  32.000000            1.000000       
17.000000            21.311475                 61.000000            13.000000      
17.000000            19.672131                 61.000000            12.000000      
17.000000            18.032787                 61.000000            11.000000      
17.000000            9.836066                  61.000000            6.000000       
17.000000            4.918033                  61.000000            3.000000       
17.000000            4.918033                  61.000000            3.000000       
17.000000            4.918033                  61.000000            3.000000       
17.000000            3.278689                  61.000000            2.000000       
17.000000            3.278689                  61.000000            2.000000       
17.000000            1.639344                  61.000000            1.000000       
17.000000            1.639344                  61.000000            1.000000       
17.000000            1.639344                  61.000000            1.000000       
17.000000            1.639344                  61.000000            1.000000       
17.000000            1.639344                  61.000000            1.000000       
17.000000            1.639344                  61.000000            1.000000       
18.000000            36.111111                 36.000000            13.000000      
18.000000            16.666667                 36.000000            6.000000       
18.000000            16.666667                 36.000000            6.000000       
18.000000            13.888889                 36.000000            5.000000       
18.000000            2.777778                  36.000000            1.000000       
18.000000            2.777778                  36.000000            1.000000       
18.000000            2.777778                  36.000000            1.000000       
18.000000            2.777778                  36.000000            1.000000       
18.000000            2.777778                  36.000000            1.000000       
18.000000            2.777778                  36.000000            1.000000       
19.000000            38.235294                 34.000000            13.000000      
19.000000            23.529412                 34.000000            8.000000       
19.000000            17.647059                 34.000000            6.000000       
19.000000            8.823529                  34.000000            3.000000       
19.000000            8.823529                  34.000000            3.000000       
19.000000            2.941176                  34.000000            1.000000       
20.000000            27.906977                 43.000000            12.000000      
20.000000            16.279070                 43.000000            7.000000       
20.000000            9.302326                  43.000000            4.000000       
20.000000            6.976744                  43.000000            3.000000       
20.000000            6.976744                  43.000000            3.000000       
20.000000            4.651163                  43.000000            2.000000       
20.000000            4.651163                  43.000000            2.000000       
20.000000            4.651163                  43.000000            2.000000       
20.000000            4.651163                  43.000000            2.000000       
20.000000            2.325581                  43.000000            1.000000       
20.000000            2.325581                  43.000000            1.000000       
20.000000            2.325581                  43.000000            1.000000       
20.000000            2.325581                  43.000000            1.000000       
20.000000            2.325581                  43.000000            1.000000       
20.000000            2.325581                  43.000000            1.000000       
21.000000            38.461538                 26.000000            10.000000      
21.000000            23.076923                 26.000000            6.000000       
21.000000            11.538462                 26.000000            3.000000       
21.000000            7.692308                  26.000000            2.000000       
21.000000            3.846154                  26.000000            1.000000       
21.000000            3.846154                  26.000000            1.000000       
21.000000            3.846154                  26.000000            1.000000       
21.000000            3.846154                  26.000000            1.000000       
21.000000            3.846154                  26.000000            1.000000       
22.000000            43.478261                 23.000000            10.000000      
22.000000            34.782609                 23.000000            8.000000       
22.000000            8.695652                  23.000000            2.000000       
22.000000            4.347826                  23.000000            1.000000       
22.000000            4.347826                  23.000000            1.000000       
22.000000            4.347826                  23.000000            1.000000       
23.000000            37.500000                 24.000000            9.000000       
23.000000            8.333333                  24.000000            2.000000       
23.000000            8.333333                  24.000000            2.000000       
23.000000            8.333333                  24.000000            2.000000       
23.000000            8.333333                  24.000000            2.000000       
23.000000            4.166667                  24.000000            1.000000       
23.000000            4.166667                  24.000000            1.000000       
23.000000            4.166667                  24.000000            1.000000       
23.000000            4.166667                  24.000000            1.000000       
23.000000            4.166667                  24.000000            1.000000       
23.000000            4.166667                  24.000000            1.000000       
23.000000            4.166667                  24.000000            1.000000       
24.000000            60.000000                 15.000000            9.000000       
24.000000            20.000000                 15.000000            3.000000       
24.000000            13.333333                 15.000000            2.000000       
24.000000            6.666667                  15.000000            1.000000       
25.000000            36.363636                 22.000000            8.000000       
25.000000            31.818182                 22.000000            7.000000       
25.000000            13.636364                 22.000000            3.000000       
25.000000            9.090909                  22.000000            2.000000       
25.000000            4.545455                  22.000000            1.000000       
25.000000            4.545455                  22.000000            1.000000       
26.000000            36.842105                 19.000000            7.000000       
26.000000            21.052632                 19.000000            4.000000       
26.000000            10.526316                 19.000000            2.000000       
26.000000            10.526316                 19.000000            2.000000       
26.000000            5.263158                  19.000000            1.000000       
26.000000            5.263158                  19.000000            1.000000       
26.000000            5.263158                  19.000000            1.000000       
26.000000            5.263158                  19.000000            1.000000       
27.000000            28.000000                 25.000000            7.000000       
27.000000            24.000000                 25.000000            6.000000       
27.000000            20.000000                 25.000000            5.000000       
27.000000            8.000000                  25.000000            2.000000       
27.000000            8.000000                  25.000000            2.000000       
27.000000            4.000000                  25.000000            1.000000       
27.000000            4.000000                  25.000000            1.000000       
27.000000            4.000000                  25.000000            1.000000       
28.000000            40.000000                 15.000000            6.000000       
28.000000            33.333333                 15.000000            5.000000       
28.000000            20.000000                 15.000000            3.000000       
28.000000            6.666667                  15.000000            1.000000       
29.000000            28.571429                 21.000000            6.000000       
29.000000            23.809524                 21.000000            5.000000       
29.000000            9.523810                  21.000000            2.000000       
29.000000            9.523810                  21.000000            2.000000       
29.000000            9.523810                  21.000000            2.000000       
29.000000            4.761905                  21.000000            1.000000       
29.000000            4.761905                  21.000000            1.000000       
29.000000            4.761905                  21.000000            1.000000       
29.000000            4.761905                  21.000000            1.000000       
30.000000            26.086957                 23.000000            6.000000       
30.000000            17.391304                 23.000000            4.000000       
30.000000            8.695652                  23.000000            2.000000       
30.000000            8.695652                  23.000000            2.000000       
30.000000            4.347826                  23.000000            1.000000       
30.000000            4.347826                  23.000000            1.000000       
30.000000            4.347826                  23.000000            1.000000       
30.000000            4.347826                  23.000000            1.000000       
30.000000            4.347826                  23.000000            1.000000       
30.000000            4.347826                  23.000000            1.000000       
30.000000            4.347826                  23.000000            1.000000       
30.000000            4.347826                  23.000000            1.000000       
30.000000            4.347826                  23.000000            1.000000       
31.000000            42.857143                 14.000000            6.000000       
31.000000            21.428571                 14.000000            3.000000       
31.000000            7.142857                  14.000000            1.000000       
31.000000            7.142857                  14.000000            1.000000       
31.000000            7.142857                  14.000000            1.000000       
31.000000            7.142857                  14.000000            1.000000       
31.000000            7.142857                  14.000000            1.000000       
32.000000            37.500000                 16.000000            6.000000       
32.000000            31.250000                 16.000000            5.000000       
32.000000            12.500000                 16.000000            2.000000       
32.000000            12.500000                 16.000000            2.000000       
32.000000            6.250000                  16.000000            1.000000       
33.000000            25.000000                 20.000000            5.000000       
33.000000            20.000000                 20.000000            4.000000       
33.000000            10.000000                 20.000000            2.000000       
33.000000            10.000000                 20.000000            2.000000       
33.000000            10.000000                 20.000000            2.000000       
33.000000            5.000000                  20.000000            1.000000       
33.000000            5.000000                  20.000000            1.000000       
33.000000            5.000000                  20.000000            1.000000       
33.000000            5.000000                  20.000000            1.000000       
33.000000            5.000000                  20.000000            1.000000       
34.000000            27.777778                 18.000000            5.000000       
34.000000            22.222222                 18.000000            4.000000       
34.000000            11.111111                 18.000000            2.000000       
34.000000            11.111111                 18.000000            2.000000       
34.000000            5.555556                  18.000000            1.000000       
34.000000            5.555556                  18.000000            1.000000       
34.000000            5.555556                  18.000000            1.000000       
34.000000            5.555556                  18.000000            1.000000       
34.000000            5.555556                  18.000000            1.000000       
35.000000            29.411765                 17.000000            5.000000       
35.000000            29.411765                 17.000000            5.000000       
35.000000            23.529412                 17.000000            4.000000       
35.000000            11.764706                 17.000000            2.000000       
35.000000            5.882353                  17.000000            1.000000       
36.000000            35.714286                 14.000000            5.000000       
36.000000            14.285714                 14.000000            2.000000       
36.000000            14.285714                 14.000000            2.000000       
36.000000            7.142857                  14.000000            1.000000       
36.000000            7.142857                  14.000000            1.000000       
36.000000            7.142857                  14.000000            1.000000       
36.000000            7.142857                  14.000000            1.000000       
36.000000            7.142857                  14.000000            1.000000       
37.000000            21.052632                 19.000000            4.000000       
37.000000            15.789474                 19.000000            3.000000       
37.000000            5.263158                  19.000000            1.000000       
37.000000            5.263158                  19.000000            1.000000       
37.000000            5.263158                  19.000000            1.000000       
37.000000            5.263158                  19.000000            1.000000       
37.000000            5.263158                  19.000000            1.000000       
37.000000            5.263158                  19.000000            1.000000       
37.000000            5.263158                  19.000000            1.000000       
37.000000            5.263158                  19.000000            1.000000       
37.000000            5.263158                  19.000000            1.000000       
37.000000            5.263158                  19.000000            1.000000       
37.000000            5.263158                  19.000000            1.000000       
37.000000            5.263158                  19.000000            1.000000       
38.000000            20.000000                 20.000000            4.000000       
38.000000            15.000000                 20.000000            3.000000       
38.000000            15.000000                 20.000000            3.000000       
38.000000            10.000000                 20.000000            2.000000       
38.000000            10.000000                 20.000000            2.000000       
38.000000            10.000000                 20.000000            2.000000       
38.000000            5.000000                  20.000000            1.000000       
38.000000            5.000000                  20.000000            1.000000       
38.000000            5.000000                  20.000000            1.000000       
38.000000            5.000000                  20.000000            1.000000       
39.000000            30.769231                 13.000000            4.000000       
39.000000            23.076923                 13.000000            3.000000       
39.000000            15.384615                 13.000000            2.000000       
39.000000            15.384615                 13.000000            2.000000       
39.000000            7.692308                  13.000000            1.000000       
39.000000            7.692308                  13.000000            1.000000       
40.000000            33.333333                 12.000000            4.000000       
40.000000            33.333333                 12.000000            4.000000       
40.000000            16.666667                 12.000000            2.000000       
40.000000            16.666667                 12.000000            2.000000       
41.000000            42.857143                 7.000000             3.000000       
41.000000            14.285714                 7.000000             1.000000       
41.000000            14.285714                 7.000000             1.000000       
41.000000            14.285714                 7.000000             1.000000       
41.000000            14.285714                 7.000000             1.000000       
42.000000            21.428571                 14.000000            3.000000       
42.000000            21.428571                 14.000000            3.000000       
42.000000            14.285714                 14.000000            2.000000       
42.000000            14.285714                 14.000000            2.000000       
42.000000            7.142857                  14.000000            1.000000       
42.000000            7.142857                  14.000000            1.000000       
42.000000            7.142857                  14.000000            1.000000       
42.000000            7.142857                  14.000000            1.000000       
43.000000            33.333333                 9.000000             3.000000       
43.000000            22.222222                 9.000000             2.000000       
43.000000            11.111111                 9.000000             1.000000       
43.000000            11.111111                 9.000000             1.000000       
43.000000            11.111111                 9.000000             1.000000       
43.000000            11.111111                 9.000000             1.000000       
44.000000            42.857143                 7.000000             3.000000       
44.000000            28.571429                 7.000000             2.000000       
44.000000            14.285714                 7.000000             1.000000       
44.000000            14.285714                 7.000000             1.000000       
45.000000            42.857143                 7.000000             3.000000       
45.000000            14.285714                 7.000000             1.000000       
45.000000            14.285714                 7.000000             1.000000       
45.000000            14.285714                 7.000000             1.000000       
45.000000            14.285714                 7.000000             1.000000       
46.000000            20.000000                 15.000000            3.000000       
46.000000            13.333333                 15.000000            2.000000       
46.000000            13.333333                 15.000000            2.000000       
46.000000            6.666667                  15.000000            1.000000       
46.000000            6.666667                  15.000000            1.000000       
46.000000            6.666667                  15.000000            1.000000       
46.000000            6.666667                  15.000000            1.000000       
46.000000            6.666667                  15.000000            1.000000       
46.000000            6.666667                  15.000000            1.000000       
46.000000            6.666667                  15.000000            1.000000       
46.000000            6.666667                  15.000000            1.000000       
47.000000            18.750000                 16.000000            3.000000       
47.000000            18.750000                 16.000000            3.000000       
47.000000            12.500000                 16.000000            2.000000       
47.000000            12.500000                 16.000000            2.000000       
47.000000            12.500000                 16.000000            2.000000       
47.000000            6.250000                  16.000000            1.000000       
47.000000            6.250000                  16.000000            1.000000       
47.000000            6.250000                  16.000000            1.000000       
47.000000            6.250000                  16.000000            1.000000       
48.000000            27.272727                 11.000000            3.000000       
48.000000            18.181818                 11.000000            2.000000       
48.000000            18.181818                 11.000000            2.000000       
48.000000            9.090909                  11.000000            1.000000       
48.000000            9.090909                  11.000000            1.000000       
48.000000            9.090909                  11.000000            1.000000       
48.000000            9.090909                  11.000000            1.000000       
49.000000            33.333333                 9.000000             3.000000       
49.000000            22.222222                 9.000000             2.000000       
49.000000            22.222222                 9.000000             2.000000       
49.000000            11.111111                 9.000000             1.000000       
49.000000            11.111111                 9.000000             1.000000       
50.000000            42.857143                 7.000000             3.000000       
50.000000            14.285714                 7.000000             1.000000       
50.000000            14.285714                 7.000000             1.000000       
50.000000            14.285714                 7.000000             1.000000       
50.000000            14.285714                 7.000000             1.000000       
51.000000            42.857143                 7.000000             3.000000       
51.000000            28.571429                 7.000000             2.000000       
51.000000            14.285714                 7.000000             1.000000       
51.000000            14.285714                 7.000000             1.000000       
52.000000            66.666667                 3.000000             2.000000       
52.000000            33.333333                 3.000000             1.000000       
53.000000            40.000000                 5.000000             2.000000       
53.000000            40.000000                 5.000000             2.000000       
53.000000            20.000000                 5.000000             1.000000       
54.000000            33.333333                 6.000000             2.000000       
54.000000            16.666667                 6.000000             1.000000       
54.000000            16.666667                 6.000000             1.000000       
54.000000            16.666667                 6.000000             1.000000       
54.000000            16.666667                 6.000000             1.000000       
55.000000            40.000000                 5.000000             2.000000       
55.000000            20.000000                 5.000000             1.000000       
55.000000            20.000000                 5.000000             1.000000       
55.000000            20.000000                 5.000000             1.000000       
56.000000            40.000000                 5.000000             2.000000       
56.000000            20.000000                 5.000000             1.000000       
56.000000            20.000000                 5.000000             1.000000       
56.000000            20.000000                 5.000000             1.000000       
57.000000            25.000000                 8.000000             2.000000       
57.000000            12.500000                 8.000000             1.000000       
57.000000            12.500000                 8.000000             1.000000       
57.000000            12.500000                 8.000000             1.000000       
57.000000            12.500000                 8.000000             1.000000       
57.000000            12.500000                 8.000000             1.000000       
57.000000            12.500000                 8.000000             1.000000       
58.000000            22.222222                 9.000000             2.000000       
58.000000            22.222222                 9.000000             2.000000       
58.000000            11.111111                 9.000000             1.000000       
58.000000            11.111111                 9.000000             1.000000       
58.000000            11.111111                 9.000000             1.000000       
58.000000            11.111111                 9.000000             1.000000       
58.000000            11.111111                 9.000000             1.000000       
59.000000            50.000000                 4.000000             2.000000       
59.000000            25.000000                 4.000000             1.000000       
59.000000            25.000000                 4.000000             1.000000       
60.000000            28.571429                 7.000000             2.000000       
60.000000            28.571429                 7.000000             2.000000       
60.000000            14.285714                 7.000000             1.000000       
60.000000            14.285714                 7.000000             1.000000       
60.000000            14.285714                 7.000000             1.000000       
61.000000            25.000000                 8.000000             2.000000       
61.000000            25.000000                 8.000000             2.000000       
61.000000            12.500000                 8.000000             1.000000       
61.000000            12.500000                 8.000000             1.000000       
61.000000            12.500000                 8.000000             1.000000       
61.000000            12.500000                 8.000000             1.000000       
62.000000            40.000000                 5.000000             2.000000       
62.000000            40.000000                 5.000000             2.000000       
62.000000            20.000000                 5.000000             1.000000       
63.000000            50.000000                 4.000000             2.000000       
63.000000            50.000000                 4.000000             2.000000       
64.000000            50.000000                 2.000000             1.000000       
64.000000            50.000000                 2.000000             1.000000       
65.000000            50.000000                 2.000000             1.000000       
65.000000            50.000000                 2.000000             1.000000       
66.000000            50.000000                 2.000000             1.000000       
66.000000            50.000000                 2.000000             1.000000       
67.000000            50.000000                 2.000000             1.000000       
67.000000            50.000000                 2.000000             1.000000       
68.000000            50.000000                 2.000000             1.000000       
68.000000            50.000000                 2.000000             1.000000       
69.000000            50.000000                 2.000000             1.000000       
69.000000            50.000000                 2.000000             1.000000       
70.000000            50.000000                 2.000000             1.000000       
70.000000            50.000000                 2.000000             1.000000       
71.000000            33.333333                 3.000000             1.000000       
71.000000            33.333333                 3.000000             1.000000       
71.000000            33.333333                 3.000000             1.000000       
72.000000            33.333333                 3.000000             1.000000       
72.000000            33.333333                 3.000000             1.000000       
72.000000            33.333333                 3.000000             1.000000       
73.000000            25.000000                 4.000000             1.000000       
73.000000            25.000000                 4.000000             1.000000       
73.000000            25.000000                 4.000000             1.000000       
73.000000            25.000000                 4.000000             1.000000       
74.000000            50.000000                 2.000000             1.000000       
74.000000            50.000000                 2.000000             1.000000       
75.000000            50.000000                 2.000000             1.000000       
75.000000            50.000000                 2.000000             1.000000       
76.000000            33.333333                 3.000000             1.000000       
76.000000            33.333333                 3.000000             1.000000       
76.000000            33.333333                 3.000000             1.000000       
77.000000            20.000000                 5.000000             1.000000       
77.000000            20.000000                 5.000000             1.000000       
77.000000            20.000000                 5.000000             1.000000       
77.000000            20.000000                 5.000000             1.000000       
77.000000            20.000000                 5.000000             1.000000       
78.000000            50.000000                 2.000000             1.000000       
78.000000            50.000000                 2.000000             1.000000       
79.000000            50.000000                 2.000000             1.000000       
79.000000            50.000000                 2.000000             1.000000       
80.000000            20.000000                 5.000000             1.000000       
80.000000            20.000000                 5.000000             1.000000       
80.000000            20.000000                 5.000000             1.000000       
80.000000            20.000000                 5.000000             1.000000       
80.000000            20.000000                 5.000000             1.000000       
81.000000            25.000000                 4.000000             1.000000       
81.000000            25.000000                 4.000000             1.000000       
81.000000            25.000000                 4.000000             1.000000       
81.000000            25.000000                 4.000000             1.000000       
82.000000            50.000000                 2.000000             1.000000       
82.000000            50.000000                 2.000000             1.000000       
83.000000            50.000000                 2.000000             1.000000       
83.000000            50.000000                 2.000000             1.000000       
84.000000            50.000000                 2.000000             1.000000       
84.000000            50.000000                 2.000000             1.000000       
85.000000            50.000000                 2.000000             1.000000       
85.000000            50.000000                 2.000000             1.000000       
86.000000            50.000000                 2.000000             1.000000       
86.000000            50.000000                 2.000000             1.000000       
87.000000            20.000000                 5.000000             1.000000       
87.000000            20.000000                 5.000000             1.000000       
87.000000            20.000000                 5.000000             1.000000       
87.000000            20.000000                 5.000000             1.000000       
87.000000            20.000000                 5.000000             1.000000       
88.000000            50.000000                 2.000000             1.000000       
88.000000            50.000000                 2.000000             1.000000       
89.000000            33.333333                 3.000000             1.000000       
89.000000            33.333333                 3.000000             1.000000       
89.000000            33.333333                 3.000000             1.000000       
90.000000            12.500000                 8.000000             1.000000       
90.000000            12.500000                 8.000000             1.000000       
90.000000            12.500000                 8.000000             1.000000       
90.000000            12.500000                 8.000000             1.000000       
90.000000            12.500000                 8.000000             1.000000       
90.000000            12.500000                 8.000000             1.000000       
90.000000            12.500000                 8.000000             1.000000       
90.000000            12.500000                 8.000000             1.000000       
91.000000            50.000000                 2.000000             1.000000       
91.000000            50.000000                 2.000000             1.000000       
92.000000            25.000000                 4.000000             1.000000       
92.000000            25.000000                 4.000000             1.000000       
92.000000            25.000000                 4.000000             1.000000       
92.000000            25.000000                 4.000000             1.000000       
93.000000            50.000000                 2.000000             1.000000       
93.000000            50.000000                 2.000000             1.000000       
94.000000            12.500000                 8.000000             1.000000       
94.000000            12.500000                 8.000000             1.000000       
94.000000            12.500000                 8.000000             1.000000       
94.000000            12.500000                 8.000000             1.000000       
94.000000            12.500000                 8.000000             1.000000       
94.000000            12.500000                 8.000000             1.000000       
94.000000            12.500000                 8.000000             1.000000       
94.000000            12.500000                 8.000000             1.000000       
95.000000            33.333333                 3.000000             1.000000       
95.000000            33.333333                 3.000000             1.000000       
95.000000            33.333333                 3.000000             1.000000       
96.000000            25.000000                 4.000000             1.000000       
96.000000            25.000000                 4.000000             1.000000       
96.000000            25.000000                 4.000000             1.000000       
96.000000            25.000000                 4.000000             1.000000       
97.000000            50.000000                 2.000000             1.000000       
97.000000            50.000000                 2.000000             1.000000       
98.000000            50.000000                 2.000000             1.000000       
98.000000            50.000000                 2.000000             1.000000       
99.000000            50.000000                 2.000000             1.000000       
99.000000            50.000000                 2.000000             1.000000       
100.000000           50.000000                 2.000000             1.000000       
100.000000           50.000000                 2.000000             1.000000       
101.000000           50.000000                 2.000000             1.000000       
101.000000           50.000000                 2.000000             1.000000       
102.000000           33.333333                 3.000000             1.000000       
102.000000           33.333333                 3.000000             1.000000       
102.000000           33.333333                 3.000000             1.000000       
103.000000           50.000000                 2.000000             1.000000       
103.000000           50.000000                 2.000000             1.000000       
104.000000           50.000000                 2.000000             1.000000       
104.000000           50.000000                 2.000000             1.000000       
105.000000           50.000000                 2.000000             1.000000       
105.000000           50.000000                 2.000000             1.000000       
106.000000           50.000000                 2.000000             1.000000       
106.000000           50.000000                 2.000000             1.000000       
107.000000           50.000000                 2.000000             1.000000       
107.000000           50.000000                 2.000000             1.000000       
108.000000           50.000000                 2.000000             1.000000       
108.000000           50.000000                 2.000000             1.000000       
109.000000           50.000000                 2.000000             1.000000       
109.000000           50.000000                 2.000000             1.000000       
110.000000           50.000000                 2.000000             1.000000       
110.000000           50.000000                 2.000000             1.000000       
111.000000           50.000000                 2.000000             1.000000       
111.000000           50.000000                 2.000000             1.000000       
112.000000           50.000000                 2.000000             1.000000       
112.000000           50.000000                 2.000000             1.000000       
113.000000           50.000000                 2.000000             1.000000       
113.000000           50.000000                 2.000000             1.000000       
114.000000           50.000000                 2.000000             1.000000       
114.000000           50.000000                 2.000000             1.000000       
115.000000           50.000000                 2.000000             1.000000       
115.000000           50.000000                 2.000000             1.000000       
0.000000             100.000000                1.000000             1.000000       
0.000000             100.000000                1.000000             1.000000       
0.000000             100.000000                1.000000             1.000000       
0.000000             100.000000                1.000000             1.000000       
0.000000             100.000000                1.000000             1.000000       
0.000000             100.000000                1.000000             1.000000       
0.000000             100.000000                1.000000             1.000000       
0.000000             100.000000                1.000000             1.000000       
0.000000             100.000000                1.000000             1.000000       
0.000000             100.000000                1.000000             1.000000       
0.000000             100.000000                1.000000             1.000000       
0.000000             100.000000                1.000000             1.000000       
0.000000             100.000000                1.000000             1.000000       
0.000000             100.000000                1.000000             1.000000       
0.000000             100.000000                1.000000             1.000000       
0.000000             100.000000                1.000000             1.000000       
0.000000             100.000000                1.000000             1.000000       
0.000000             100.000000                1.000000             1.000000       
0.000000             100.000000                1.000000             1.000000       
0.000000             100.000000                1.000000             1.000000       
0.000000             100.000000                1.000000             1.000000       
0.000000             100.000000                1.000000             1.000000       
0.000000             100.000000                1.000000             1.000000       
0.000000             100.000000                1.000000             1.000000       
0.000000             100.000000                1.000000             1.000000       
0.000000             100.000000                1.000000             1.000000       
0.000000             100.000000                1.000000             1.000000       
0.000000             100.000000                1.000000             1.000000       
0.000000             100.000000                1.000000             1.000000       
0.000000             100.000000                1.000000             1.000000       
0.000000             100.000000                1.000000             1.000000       
0.000000             100.000000                1.000000             1.000000       
0.000000             100.000000                1.000000             1.000000       
0.000000             100.000000                1.000000             1.000000       
0.000000             100.000000                1.000000             1.000000       
0.000000             100.000000                1.000000             1.000000       
0.000000             100.000000                1.000000             1.000000       
0.000000             100.000000                1.000000             1.000000       
0.000000             100.000000                1.000000             1.000000       
0.000000             100.000000                1.000000             1.000000       
0.000000             100.000000                1.000000             1.000000       
0.000000             100.000000                1.000000             1.000000       
0.000000             100.000000                1.000000             1.000000       
0.000000             100.000000                1.000000             1.000000       
0.000000             100.000000                1.000000             1.000000       
0.000000             100.000000                1.000000             1.000000       
0.000000             100.000000                1.000000             1.000000       
0.000000             100.000000                1.000000             1.000000       
0.000000             100.000000                3.000000             3.000000       
0.000000             100.000000                1.000000             1.000000       
0.000000             100.000000                1.000000             1.000000       
0.000000             100.000000                1.000000             1.000000       
0.000000             100.000000                1.000000             1.000000       
0.000000             100.000000                1.000000             1.000000       
0.000000             100.000000                1.000000             1.000000       
0.000000             100.000000                1.000000             1.000000       
0.000000             100.000000                1.000000             1.000000       
0.000000             100.000000                1.000000             1.000000       
0.000000             100.000000                1.000000             1.000000       
0.000000             100.000000                1.000000             1.000000       
0.000000             100.000000                1.000000             1.000000       
0.000000             100.000000                1.000000             1.000000       
0.000000             100.000000                1.000000             1.000000       
0.000000             100.000000                1.000000             1.000000       
0.000000             100.000000                1.000000             1.000000       
0.000000             100.000000                1.000000             1.000000       
0.000000             100.000000                1.000000             1.000000       
0.000000             100.000000                1.000000             1.000000       
0.000000             100.000000                1.000000             1.000000       
0.000000             100.000000                1.000000             1.000000       
0.000000             100.000000                1.000000             1.000000       
0.000000             100.000000                1.000000             1.000000       
0.000000             100.000000                1.000000             1.000000       
0.000000             100.000000                1.000000             1.000000       
0.000000             100.000000                1.000000             1.000000       
0.000000             100.000000                1.000000             1.000000       
0.000000             100.000000                1.000000             1.000000       
0.000000             100.000000                1.000000             1.000000       
0.000000             100.000000                1.000000             1.000000       
0.000000             100.000000                1.000000             1.000000       
0.000000             100.000000                1.000000             1.000000       
0.000000             100.000000                1.000000             1.000000       
0.000000             100.000000                1.000000             1.000000       
0.000000             100.000000                1.000000             1.000000       
0.000000             100.000000                1.000000             1.000000       
0.000000             100.000000                1.000000             1.000000       
0.000000             100.000000                1.000000             1.000000       
0.000000             100.000000                1.000000             1.000000       
0.000000             100.000000                1.000000             1.000000       
0.000000             100.000000                1.000000             1.000000       
0.000000             100.000000                1.000000             1.000000       
0.000000             100.000000                1.000000             1.000000       
0.000000             100.000000                1.000000             1.000000       
0.000000             100.000000                1.000000             1.000000       
0.000000             100.000000                1.000000             1.000000       
0.000000             100.000000                1.000000             1.000000       
0.000000             100.000000                1.000000             1.000000       
0.000000             100.000000                1.000000             1.000000       
0.000000             100.000000                1.000000             1.000000       
0.000000             100.000000                1.000000             1.000000       
0.000000             100.000000                1.000000             1.000000       
0.000000             100.000000                1.000000             1.000000       
0.000000             100.000000                1.000000             1.000000       
0.000000             100.000000                1.000000             1.000000       
0.000000             100.000000                1.000000             1.000000       
0.000000             100.000000                1.000000             1.000000       
0.000000             100.000000                1.000000             1.000000       
0.000000             100.000000                1.000000             1.000000       
0.000000             100.000000                1.000000             1.000000       
0.000000             100.000000                1.000000             1.000000       
0.000000             100.000000                1.000000             1.000000       
0.000000             100.000000                1.000000             1.000000       
0.000000             100.000000                1.000000             1.000000       
0.000000             100.000000                1.000000             1.000000       
0.000000             100.000000                1.000000             1.000000       
0.000000             100.000000                1.000000             1.000000       
0.000000             100.000000                1.000000             1.000000       
0.000000             100.000000                1.000000             1.000000       
0.000000             100.000000                1.000000             1.000000       
0.000000             100.000000                1.000000             1.000000       
