Dataset Size: 4032                          
Initial Event        Percentage of A->X        Frequency of A       Frequency of A->X
1.000000             95.448954                 813.000000           776.000000     
1.000000             1.107011                  813.000000           9.000000       
1.000000             1.107011                  813.000000           9.000000       
1.000000             0.738007                  813.000000           6.000000       
1.000000             0.369004                  813.000000           3.000000       
1.000000             0.246002                  813.000000           2.000000       
1.000000             0.246002                  813.000000           2.000000       
1.000000             0.123001                  813.000000           1.000000       
1.000000             0.123001                  813.000000           1.000000       
1.000000             0.123001                  813.000000           1.000000       
1.000000             0.123001                  813.000000           1.000000       
1.000000             0.123001                  813.000000           1.000000       
1.000000             0.123001                  813.000000           1.000000       
2.000000             81.950673                 892.000000           731.000000     
2.000000             10.986547                 892.000000           98.000000      
2.000000             2.130045                  892.000000           19.000000      
2.000000             1.569507                  892.000000           14.000000      
2.000000             1.345291                  892.000000           12.000000      
2.000000             1.121076                  892.000000           10.000000      
2.000000             0.784753                  892.000000           7.000000       
2.000000             0.112108                  892.000000           1.000000       
3.000000             50.662252                 302.000000           153.000000     
3.000000             31.456954                 302.000000           95.000000      
3.000000             10.927152                 302.000000           33.000000      
3.000000             6.953642                  302.000000           21.000000      
4.000000             91.666667                 156.000000           143.000000     
4.000000             3.205128                  156.000000           5.000000       
4.000000             1.923077                  156.000000           3.000000       
4.000000             1.923077                  156.000000           3.000000       
4.000000             1.282051                  156.000000           2.000000       
5.000000             24.623116                 199.000000           49.000000      
5.000000             6.532663                  199.000000           13.000000      
5.000000             5.025126                  199.000000           10.000000      
5.000000             5.025126                  199.000000           10.000000      
5.000000             4.522613                  199.000000           9.000000       
5.000000             4.020101                  199.000000           8.000000       
5.000000             4.020101                  199.000000           8.000000       
5.000000             3.517588                  199.000000           7.000000       
5.000000             3.517588                  199.000000           7.000000       
5.000000             3.015075                  199.000000           6.000000       
5.000000             3.015075                  199.000000           6.000000       
5.000000             3.015075                  199.000000           6.000000       
5.000000             2.512563                  199.000000           5.000000       
5.000000             2.512563                  199.000000           5.000000       
5.000000             2.010050                  199.000000           4.000000       
5.000000             1.507538                  199.000000           3.000000       
5.000000             1.507538                  199.000000           3.000000       
5.000000             1.507538                  199.000000           3.000000       
5.000000             1.005025                  199.000000           2.000000       
5.000000             1.005025                  199.000000           2.000000       
5.000000             1.005025                  199.000000           2.000000       
5.000000             1.005025                  199.000000           2.000000       
5.000000             1.005025                  199.000000           2.000000       
5.000000             1.005025                  199.000000           2.000000       
5.000000             1.005025                  199.000000           2.000000       
5.000000             1.005025                  199.000000           2.000000       
5.000000             1.005025                  199.000000           2.000000       
5.000000             1.005025                  199.000000           2.000000       
5.000000             1.005025                  199.000000           2.000000       
5.000000             0.502513                  199.000000           1.000000       
5.000000             0.502513                  199.000000           1.000000       
5.000000             0.502513                  199.000000           1.000000       
5.000000             0.502513                  199.000000           1.000000       
5.000000             0.502513                  199.000000           1.000000       
5.000000             0.502513                  199.000000           1.000000       
5.000000             0.502513                  199.000000           1.000000       
5.000000             0.502513                  199.000000           1.000000       
5.000000             0.502513                  199.000000           1.000000       
5.000000             0.502513                  199.000000           1.000000       
5.000000             0.502513                  199.000000           1.000000       
5.000000             0.502513                  199.000000           1.000000       
5.000000             0.502513                  199.000000           1.000000       
5.000000             0.502513                  199.000000           1.000000       
5.000000             0.502513                  199.000000           1.000000       
6.000000             34.848485                 132.000000           46.000000      
6.000000             11.363636                 132.000000           15.000000      
6.000000             6.060606                  132.000000           8.000000       
6.000000             5.303030                  132.000000           7.000000       
6.000000             3.787879                  132.000000           5.000000       
6.000000             3.787879                  132.000000           5.000000       
6.000000             3.030303                  132.000000           4.000000       
6.000000             3.030303                  132.000000           4.000000       
6.000000             3.030303                  132.000000           4.000000       
6.000000             3.030303                  132.000000           4.000000       
6.000000             2.272727                  132.000000           3.000000       
6.000000             2.272727                  132.000000           3.000000       
6.000000             2.272727                  132.000000           3.000000       
6.000000             2.272727                  132.000000           3.000000       
6.000000             2.272727                  132.000000           3.000000       
6.000000             2.272727                  132.000000           3.000000       
6.000000             1.515152                  132.000000           2.000000       
6.000000             1.515152                  132.000000           2.000000       
6.000000             1.515152                  132.000000           2.000000       
6.000000             1.515152                  132.000000           2.000000       
6.000000             0.757576                  132.000000           1.000000       
6.000000             0.757576                  132.000000           1.000000       
6.000000             0.757576                  132.000000           1.000000       
6.000000             0.757576                  132.000000           1.000000       
7.000000             56.000000                 75.000000            42.000000      
7.000000             22.666667                 75.000000            17.000000      
7.000000             16.000000                 75.000000            12.000000      
7.000000             5.333333                  75.000000            4.000000       
8.000000             46.153846                 39.000000            18.000000      
8.000000             25.641026                 39.000000            10.000000      
8.000000             23.076923                 39.000000            9.000000       
8.000000             5.128205                  39.000000            2.000000       
9.000000             36.956522                 46.000000            17.000000      
9.000000             30.434783                 46.000000            14.000000      
9.000000             23.913043                 46.000000            11.000000      
9.000000             8.695652                  46.000000            4.000000       
10.000000            27.586207                 58.000000            16.000000      
10.000000            10.344828                 58.000000            6.000000       
10.000000            6.896552                  58.000000            4.000000       
10.000000            6.896552                  58.000000            4.000000       
10.000000            5.172414                  58.000000            3.000000       
10.000000            3.448276                  58.000000            2.000000       
10.000000            3.448276                  58.000000            2.000000       
10.000000            3.448276                  58.000000            2.000000       
10.000000            3.448276                  58.000000            2.000000       
10.000000            3.448276                  58.000000            2.000000       
10.000000            3.448276                  58.000000            2.000000       
10.000000            3.448276                  58.000000            2.000000       
10.000000            3.448276                  58.000000            2.000000       
10.000000            1.724138                  58.000000            1.000000       
10.000000            1.724138                  58.000000            1.000000       
10.000000            1.724138                  58.000000            1.000000       
10.000000            1.724138                  58.000000            1.000000       
10.000000            1.724138                  58.000000            1.000000       
10.000000            1.724138                  58.000000            1.000000       
10.000000            1.724138                  58.000000            1.000000       
10.000000            1.724138                  58.000000            1.000000       
10.000000            1.724138                  58.000000            1.000000       
11.000000            18.750000                 64.000000            12.000000      
11.000000            12.500000                 64.000000            8.000000       
11.000000            10.937500                 64.000000            7.000000       
11.000000            7.812500                  64.000000            5.000000       
11.000000            7.812500                  64.000000            5.000000       
11.000000            6.250000                  64.000000            4.000000       
11.000000            6.250000                  64.000000            4.000000       
11.000000            4.687500                  64.000000            3.000000       
11.000000            4.687500                  64.000000            3.000000       
11.000000            3.125000                  64.000000            2.000000       
11.000000            3.125000                  64.000000            2.000000       
11.000000            3.125000                  64.000000            2.000000       
11.000000            1.562500                  64.000000            1.000000       
11.000000            1.562500                  64.000000            1.000000       
11.000000            1.562500                  64.000000            1.000000       
11.000000            1.562500                  64.000000            1.000000       
11.000000            1.562500                  64.000000            1.000000       
11.000000            1.562500                  64.000000            1.000000       
11.000000            1.562500                  64.000000            1.000000       
12.000000            91.666667                 12.000000            11.000000      
12.000000            8.333333                  12.000000            1.000000       
13.000000            91.666667                 12.000000            11.000000      
13.000000            8.333333                  12.000000            1.000000       
14.000000            91.666667                 12.000000            11.000000      
14.000000            8.333333                  12.000000            1.000000       
15.000000            91.666667                 12.000000            11.000000      
15.000000            8.333333                  12.000000            1.000000       
16.000000            91.666667                 12.000000            11.000000      
16.000000            8.333333                  12.000000            1.000000       
17.000000            91.666667                 12.000000            11.000000      
17.000000            8.333333                  12.000000            1.000000       
18.000000            28.205128                 39.000000            11.000000      
18.000000            15.384615                 39.000000            6.000000       
18.000000            7.692308                  39.000000            3.000000       
18.000000            5.128205                  39.000000            2.000000       
18.000000            5.128205                  39.000000            2.000000       
18.000000            5.128205                  39.000000            2.000000       
18.000000            5.128205                  39.000000            2.000000       
18.000000            5.128205                  39.000000            2.000000       
18.000000            2.564103                  39.000000            1.000000       
18.000000            2.564103                  39.000000            1.000000       
18.000000            2.564103                  39.000000            1.000000       
18.000000            2.564103                  39.000000            1.000000       
18.000000            2.564103                  39.000000            1.000000       
18.000000            2.564103                  39.000000            1.000000       
18.000000            2.564103                  39.000000            1.000000       
18.000000            2.564103                  39.000000            1.000000       
18.000000            2.564103                  39.000000            1.000000       
19.000000            91.666667                 12.000000            11.000000      
19.000000            8.333333                  12.000000            1.000000       
20.000000            91.666667                 12.000000            11.000000      
20.000000            8.333333                  12.000000            1.000000       
21.000000            91.666667                 12.000000            11.000000      
21.000000            8.333333                  12.000000            1.000000       
22.000000            91.666667                 12.000000            11.000000      
22.000000            8.333333                  12.000000            1.000000       
23.000000            91.666667                 12.000000            11.000000      
23.000000            8.333333                  12.000000            1.000000       
24.000000            91.666667                 12.000000            11.000000      
24.000000            8.333333                  12.000000            1.000000       
25.000000            91.666667                 12.000000            11.000000      
25.000000            8.333333                  12.000000            1.000000       
26.000000            91.666667                 12.000000            11.000000      
26.000000            8.333333                  12.000000            1.000000       
27.000000            91.666667                 12.000000            11.000000      
27.000000            8.333333                  12.000000            1.000000       
28.000000            91.666667                 12.000000            11.000000      
28.000000            8.333333                  12.000000            1.000000       
29.000000            91.666667                 12.000000            11.000000      
29.000000            8.333333                  12.000000            1.000000       
30.000000            91.666667                 12.000000            11.000000      
30.000000            8.333333                  12.000000            1.000000       
31.000000            91.666667                 12.000000            11.000000      
31.000000            8.333333                  12.000000            1.000000       
32.000000            91.666667                 12.000000            11.000000      
32.000000            8.333333                  12.000000            1.000000       
33.000000            91.666667                 12.000000            11.000000      
33.000000            8.333333                  12.000000            1.000000       
34.000000            91.666667                 12.000000            11.000000      
34.000000            8.333333                  12.000000            1.000000       
35.000000            91.666667                 12.000000            11.000000      
35.000000            8.333333                  12.000000            1.000000       
36.000000            91.666667                 12.000000            11.000000      
36.000000            8.333333                  12.000000            1.000000       
37.000000            15.000000                 60.000000            9.000000       
37.000000            10.000000                 60.000000            6.000000       
37.000000            8.333333                  60.000000            5.000000       
37.000000            5.000000                  60.000000            3.000000       
37.000000            5.000000                  60.000000            3.000000       
37.000000            5.000000                  60.000000            3.000000       
37.000000            5.000000                  60.000000            3.000000       
37.000000            3.333333                  60.000000            2.000000       
37.000000            3.333333                  60.000000            2.000000       
37.000000            3.333333                  60.000000            2.000000       
37.000000            3.333333                  60.000000            2.000000       
37.000000            3.333333                  60.000000            2.000000       
37.000000            3.333333                  60.000000            2.000000       
37.000000            3.333333                  60.000000            2.000000       
37.000000            1.666667                  60.000000            1.000000       
37.000000            1.666667                  60.000000            1.000000       
37.000000            1.666667                  60.000000            1.000000       
37.000000            1.666667                  60.000000            1.000000       
37.000000            1.666667                  60.000000            1.000000       
37.000000            1.666667                  60.000000            1.000000       
37.000000            1.666667                  60.000000            1.000000       
37.000000            1.666667                  60.000000            1.000000       
37.000000            1.666667                  60.000000            1.000000       
37.000000            1.666667                  60.000000            1.000000       
37.000000            1.666667                  60.000000            1.000000       
37.000000            1.666667                  60.000000            1.000000       
37.000000            1.666667                  60.000000            1.000000       
37.000000            1.666667                  60.000000            1.000000       
38.000000            18.181818                 44.000000            8.000000       
38.000000            13.636364                 44.000000            6.000000       
38.000000            11.363636                 44.000000            5.000000       
38.000000            6.818182                  44.000000            3.000000       
38.000000            6.818182                  44.000000            3.000000       
38.000000            4.545455                  44.000000            2.000000       
38.000000            4.545455                  44.000000            2.000000       
38.000000            4.545455                  44.000000            2.000000       
38.000000            4.545455                  44.000000            2.000000       
38.000000            4.545455                  44.000000            2.000000       
38.000000            2.272727                  44.000000            1.000000       
38.000000            2.272727                  44.000000            1.000000       
38.000000            2.272727                  44.000000            1.000000       
38.000000            2.272727                  44.000000            1.000000       
38.000000            2.272727                  44.000000            1.000000       
38.000000            2.272727                  44.000000            1.000000       
38.000000            2.272727                  44.000000            1.000000       
38.000000            2.272727                  44.000000            1.000000       
38.000000            2.272727                  44.000000            1.000000       
39.000000            23.529412                 34.000000            8.000000       
39.000000            17.647059                 34.000000            6.000000       
39.000000            8.823529                  34.000000            3.000000       
39.000000            5.882353                  34.000000            2.000000       
39.000000            5.882353                  34.000000            2.000000       
39.000000            5.882353                  34.000000            2.000000       
39.000000            5.882353                  34.000000            2.000000       
39.000000            5.882353                  34.000000            2.000000       
39.000000            5.882353                  34.000000            2.000000       
39.000000            2.941176                  34.000000            1.000000       
39.000000            2.941176                  34.000000            1.000000       
39.000000            2.941176                  34.000000            1.000000       
39.000000            2.941176                  34.000000            1.000000       
39.000000            2.941176                  34.000000            1.000000       
40.000000            28.000000                 25.000000            7.000000       
40.000000            8.000000                  25.000000            2.000000       
40.000000            8.000000                  25.000000            2.000000       
40.000000            8.000000                  25.000000            2.000000       
40.000000            4.000000                  25.000000            1.000000       
40.000000            4.000000                  25.000000            1.000000       
40.000000            4.000000                  25.000000            1.000000       
40.000000            4.000000                  25.000000            1.000000       
40.000000            4.000000                  25.000000            1.000000       
40.000000            4.000000                  25.000000            1.000000       
40.000000            4.000000                  25.000000            1.000000       
40.000000            4.000000                  25.000000            1.000000       
40.000000            4.000000                  25.000000            1.000000       
40.000000            4.000000                  25.000000            1.000000       
40.000000            4.000000                  25.000000            1.000000       
40.000000            4.000000                  25.000000            1.000000       
41.000000            26.923077                 26.000000            7.000000       
41.000000            11.538462                 26.000000            3.000000       
41.000000            11.538462                 26.000000            3.000000       
41.000000            7.692308                  26.000000            2.000000       
41.000000            3.846154                  26.000000            1.000000       
41.000000            3.846154                  26.000000            1.000000       
41.000000            3.846154                  26.000000            1.000000       
41.000000            3.846154                  26.000000            1.000000       
41.000000            3.846154                  26.000000            1.000000       
41.000000            3.846154                  26.000000            1.000000       
41.000000            3.846154                  26.000000            1.000000       
41.000000            3.846154                  26.000000            1.000000       
41.000000            3.846154                  26.000000            1.000000       
41.000000            3.846154                  26.000000            1.000000       
41.000000            3.846154                  26.000000            1.000000       
42.000000            19.444444                 36.000000            7.000000       
42.000000            16.666667                 36.000000            6.000000       
42.000000            16.666667                 36.000000            6.000000       
42.000000            11.111111                 36.000000            4.000000       
42.000000            8.333333                  36.000000            3.000000       
42.000000            5.555556                  36.000000            2.000000       
42.000000            2.777778                  36.000000            1.000000       
42.000000            2.777778                  36.000000            1.000000       
42.000000            2.777778                  36.000000            1.000000       
42.000000            2.777778                  36.000000            1.000000       
42.000000            2.777778                  36.000000            1.000000       
42.000000            2.777778                  36.000000            1.000000       
42.000000            2.777778                  36.000000            1.000000       
42.000000            2.777778                  36.000000            1.000000       
43.000000            37.500000                 16.000000            6.000000       
43.000000            31.250000                 16.000000            5.000000       
43.000000            25.000000                 16.000000            4.000000       
43.000000            6.250000                  16.000000            1.000000       
44.000000            46.153846                 13.000000            6.000000       
44.000000            7.692308                  13.000000            1.000000       
44.000000            7.692308                  13.000000            1.000000       
44.000000            7.692308                  13.000000            1.000000       
44.000000            7.692308                  13.000000            1.000000       
44.000000            7.692308                  13.000000            1.000000       
44.000000            7.692308                  13.000000            1.000000       
44.000000            7.692308                  13.000000            1.000000       
45.000000            33.333333                 18.000000            6.000000       
45.000000            11.111111                 18.000000            2.000000       
45.000000            11.111111                 18.000000            2.000000       
45.000000            5.555556                  18.000000            1.000000       
45.000000            5.555556                  18.000000            1.000000       
45.000000            5.555556                  18.000000            1.000000       
45.000000            5.555556                  18.000000            1.000000       
45.000000            5.555556                  18.000000            1.000000       
45.000000            5.555556                  18.000000            1.000000       
45.000000            5.555556                  18.000000            1.000000       
45.000000            5.555556                  18.000000            1.000000       
46.000000            21.428571                 28.000000            6.000000       
46.000000            10.714286                 28.000000            3.000000       
46.000000            10.714286                 28.000000            3.000000       
46.000000            7.142857                  28.000000            2.000000       
46.000000            7.142857                  28.000000            2.000000       
46.000000            3.571429                  28.000000            1.000000       
46.000000            3.571429                  28.000000            1.000000       
46.000000            3.571429                  28.000000            1.000000       
46.000000            3.571429                  28.000000            1.000000       
46.000000            3.571429                  28.000000            1.000000       
46.000000            3.571429                  28.000000            1.000000       
46.000000            3.571429                  28.000000            1.000000       
46.000000            3.571429                  28.000000            1.000000       
46.000000            3.571429                  28.000000            1.000000       
46.000000            3.571429                  28.000000            1.000000       
46.000000            3.571429                  28.000000            1.000000       
46.000000            3.571429                  28.000000            1.000000       
47.000000            21.428571                 28.000000            6.000000       
47.000000            17.857143                 28.000000            5.000000       
47.000000            14.285714                 28.000000            4.000000       
47.000000            7.142857                  28.000000            2.000000       
47.000000            7.142857                  28.000000            2.000000       
47.000000            7.142857                  28.000000            2.000000       
47.000000            7.142857                  28.000000            2.000000       
47.000000            3.571429                  28.000000            1.000000       
47.000000            3.571429                  28.000000            1.000000       
47.000000            3.571429                  28.000000            1.000000       
47.000000            3.571429                  28.000000            1.000000       
47.000000            3.571429                  28.000000            1.000000       
48.000000            50.000000                 10.000000            5.000000       
48.000000            30.000000                 10.000000            3.000000       
48.000000            10.000000                 10.000000            1.000000       
48.000000            10.000000                 10.000000            1.000000       
49.000000            31.250000                 16.000000            5.000000       
49.000000            12.500000                 16.000000            2.000000       
49.000000            12.500000                 16.000000            2.000000       
49.000000            12.500000                 16.000000            2.000000       
49.000000            12.500000                 16.000000            2.000000       
49.000000            12.500000                 16.000000            2.000000       
49.000000            6.250000                  16.000000            1.000000       
50.000000            50.000000                 10.000000            5.000000       
50.000000            20.000000                 10.000000            2.000000       
50.000000            10.000000                 10.000000            1.000000       
50.000000            10.000000                 10.000000            1.000000       
50.000000            10.000000                 10.000000            1.000000       
51.000000            28.571429                 14.000000            4.000000       
51.000000            28.571429                 14.000000            4.000000       
51.000000            14.285714                 14.000000            2.000000       
51.000000            7.142857                  14.000000            1.000000       
51.000000            7.142857                  14.000000            1.000000       
51.000000            7.142857                  14.000000            1.000000       
51.000000            7.142857                  14.000000            1.000000       
52.000000            40.000000                 10.000000            4.000000       
52.000000            20.000000                 10.000000            2.000000       
52.000000            10.000000                 10.000000            1.000000       
52.000000            10.000000                 10.000000            1.000000       
52.000000            10.000000                 10.000000            1.000000       
52.000000            10.000000                 10.000000            1.000000       
53.000000            33.333333                 12.000000            4.000000       
53.000000            25.000000                 12.000000            3.000000       
53.000000            25.000000                 12.000000            3.000000       
53.000000            8.333333                  12.000000            1.000000       
53.000000            8.333333                  12.000000            1.000000       
54.000000            33.333333                 12.000000            4.000000       
54.000000            25.000000                 12.000000            3.000000       
54.000000            16.666667                 12.000000            2.000000       
54.000000            8.333333                  12.000000            1.000000       
54.000000            8.333333                  12.000000            1.000000       
54.000000            8.333333                  12.000000            1.000000       
55.000000            18.181818                 22.000000            4.000000       
55.000000            18.181818                 22.000000            4.000000       
55.000000            13.636364                 22.000000            3.000000       
55.000000            13.636364                 22.000000            3.000000       
55.000000            13.636364                 22.000000            3.000000       
55.000000            4.545455                  22.000000            1.000000       
55.000000            4.545455                  22.000000            1.000000       
55.000000            4.545455                  22.000000            1.000000       
55.000000            4.545455                  22.000000            1.000000       
55.000000            4.545455                  22.000000            1.000000       
56.000000            57.142857                 7.000000             4.000000       
56.000000            14.285714                 7.000000             1.000000       
56.000000            14.285714                 7.000000             1.000000       
56.000000            14.285714                 7.000000             1.000000       
57.000000            36.363636                 11.000000            4.000000       
57.000000            27.272727                 11.000000            3.000000       
57.000000            9.090909                  11.000000            1.000000       
57.000000            9.090909                  11.000000            1.000000       
57.000000            9.090909                  11.000000            1.000000       
57.000000            9.090909                  11.000000            1.000000       
58.000000            16.000000                 25.000000            4.000000       
58.000000            16.000000                 25.000000            4.000000       
58.000000            12.000000                 25.000000            3.000000       
58.000000            12.000000                 25.000000            3.000000       
58.000000            4.000000                  25.000000            1.000000       
58.000000            4.000000                  25.000000            1.000000       
58.000000            4.000000                  25.000000            1.000000       
58.000000            4.000000                  25.000000            1.000000       
58.000000            4.000000                  25.000000            1.000000       
58.000000            4.000000                  25.000000            1.000000       
58.000000            4.000000                  25.000000            1.000000       
58.000000            4.000000                  25.000000            1.000000       
58.000000            4.000000                  25.000000            1.000000       
58.000000            4.000000                  25.000000            1.000000       
58.000000            4.000000                  25.000000            1.000000       
59.000000            66.666667                 6.000000             4.000000       
59.000000            16.666667                 6.000000             1.000000       
59.000000            16.666667                 6.000000             1.000000       
60.000000            22.222222                 18.000000            4.000000       
60.000000            22.222222                 18.000000            4.000000       
60.000000            11.111111                 18.000000            2.000000       
60.000000            11.111111                 18.000000            2.000000       
60.000000            11.111111                 18.000000            2.000000       
60.000000            5.555556                  18.000000            1.000000       
60.000000            5.555556                  18.000000            1.000000       
60.000000            5.555556                  18.000000            1.000000       
60.000000            5.555556                  18.000000            1.000000       
61.000000            21.052632                 19.000000            4.000000       
61.000000            15.789474                 19.000000            3.000000       
61.000000            10.526316                 19.000000            2.000000       
61.000000            10.526316                 19.000000            2.000000       
61.000000            10.526316                 19.000000            2.000000       
61.000000            5.263158                  19.000000            1.000000       
61.000000            5.263158                  19.000000            1.000000       
61.000000            5.263158                  19.000000            1.000000       
61.000000            5.263158                  19.000000            1.000000       
61.000000            5.263158                  19.000000            1.000000       
61.000000            5.263158                  19.000000            1.000000       
62.000000            57.142857                 7.000000             4.000000       
62.000000            28.571429                 7.000000             2.000000       
62.000000            14.285714                 7.000000             1.000000       
63.000000            25.000000                 12.000000            3.000000       
63.000000            25.000000                 12.000000            3.000000       
63.000000            16.666667                 12.000000            2.000000       
63.000000            8.333333                  12.000000            1.000000       
63.000000            8.333333                  12.000000            1.000000       
63.000000            8.333333                  12.000000            1.000000       
63.000000            8.333333                  12.000000            1.000000       
64.000000            25.000000                 12.000000            3.000000       
64.000000            16.666667                 12.000000            2.000000       
64.000000            8.333333                  12.000000            1.000000       
64.000000            8.333333                  12.000000            1.000000       
64.000000            8.333333                  12.000000            1.000000       
64.000000            8.333333                  12.000000            1.000000       
64.000000            8.333333                  12.000000            1.000000       
64.000000            8.333333                  12.000000            1.000000       
64.000000            8.333333                  12.000000            1.000000       
65.000000            27.272727                 11.000000            3.000000       
65.000000            18.181818                 11.000000            2.000000       
65.000000            18.181818                 11.000000            2.000000       
65.000000            9.090909                  11.000000            1.000000       
65.000000            9.090909                  11.000000            1.000000       
65.000000            9.090909                  11.000000            1.000000       
65.000000            9.090909                  11.000000            1.000000       
66.000000            33.333333                 9.000000             3.000000       
66.000000            22.222222                 9.000000             2.000000       
66.000000            11.111111                 9.000000             1.000000       
66.000000            11.111111                 9.000000             1.000000       
66.000000            11.111111                 9.000000             1.000000       
66.000000            11.111111                 9.000000             1.000000       
67.000000            33.333333                 9.000000             3.000000       
67.000000            33.333333                 9.000000             3.000000       
67.000000            22.222222                 9.000000             2.000000       
67.000000            11.111111                 9.000000             1.000000       
68.000000            37.500000                 8.000000             3.000000       
68.000000            25.000000                 8.000000             2.000000       
68.000000            12.500000                 8.000000             1.000000       
68.000000            12.500000                 8.000000             1.000000       
68.000000            12.500000                 8.000000             1.000000       
69.000000            25.000000                 12.000000            3.000000       
69.000000            25.000000                 12.000000            3.000000       
69.000000            16.666667                 12.000000            2.000000       
69.000000            8.333333                  12.000000            1.000000       
69.000000            8.333333                  12.000000            1.000000       
69.000000            8.333333                  12.000000            1.000000       
69.000000            8.333333                  12.000000            1.000000       
70.000000            21.428571                 14.000000            3.000000       
70.000000            14.285714                 14.000000            2.000000       
70.000000            14.285714                 14.000000            2.000000       
70.000000            7.142857                  14.000000            1.000000       
70.000000            7.142857                  14.000000            1.000000       
70.000000            7.142857                  14.000000            1.000000       
70.000000            7.142857                  14.000000            1.000000       
70.000000            7.142857                  14.000000            1.000000       
70.000000            7.142857                  14.000000            1.000000       
70.000000            7.142857                  14.000000            1.000000       
71.000000            15.789474                 19.000000            3.000000       
71.000000            15.789474                 19.000000            3.000000       
71.000000            10.526316                 19.000000            2.000000       
71.000000            10.526316                 19.000000            2.000000       
71.000000            10.526316                 19.000000            2.000000       
71.000000            5.263158                  19.000000            1.000000       
71.000000            5.263158                  19.000000            1.000000       
71.000000            5.263158                  19.000000            1.000000       
71.000000            5.263158                  19.000000            1.000000       
71.000000            5.263158                  19.000000            1.000000       
71.000000            5.263158                  19.000000            1.000000       
71.000000            5.263158                  19.000000            1.000000       
72.000000            42.857143                 7.000000             3.000000       
72.000000            14.285714                 7.000000             1.000000       
72.000000            14.285714                 7.000000             1.000000       
72.000000            14.285714                 7.000000             1.000000       
72.000000            14.285714                 7.000000             1.000000       
73.000000            15.789474                 19.000000            3.000000       
73.000000            15.789474                 19.000000            3.000000       
73.000000            10.526316                 19.000000            2.000000       
73.000000            10.526316                 19.000000            2.000000       
73.000000            10.526316                 19.000000            2.000000       
73.000000            5.263158                  19.000000            1.000000       
73.000000            5.263158                  19.000000            1.000000       
73.000000            5.263158                  19.000000            1.000000       
73.000000            5.263158                  19.000000            1.000000       
73.000000            5.263158                  19.000000            1.000000       
73.000000            5.263158                  19.000000            1.000000       
73.000000            5.263158                  19.000000            1.000000       
74.000000            14.285714                 21.000000            3.000000       
74.000000            14.285714                 21.000000            3.000000       
74.000000            9.523810                  21.000000            2.000000       
74.000000            9.523810                  21.000000            2.000000       
74.000000            9.523810                  21.000000            2.000000       
74.000000            4.761905                  21.000000            1.000000       
74.000000            4.761905                  21.000000            1.000000       
74.000000            4.761905                  21.000000            1.000000       
74.000000            4.761905                  21.000000            1.000000       
74.000000            4.761905                  21.000000            1.000000       
74.000000            4.761905                  21.000000            1.000000       
74.000000            4.761905                  21.000000            1.000000       
74.000000            4.761905                  21.000000            1.000000       
74.000000            4.761905                  21.000000            1.000000       
75.000000            33.333333                 9.000000             3.000000       
75.000000            22.222222                 9.000000             2.000000       
75.000000            11.111111                 9.000000             1.000000       
75.000000            11.111111                 9.000000             1.000000       
75.000000            11.111111                 9.000000             1.000000       
75.000000            11.111111                 9.000000             1.000000       
76.000000            37.500000                 8.000000             3.000000       
76.000000            25.000000                 8.000000             2.000000       
76.000000            25.000000                 8.000000             2.000000       
76.000000            12.500000                 8.000000             1.000000       
77.000000            50.000000                 6.000000             3.000000       
77.000000            16.666667                 6.000000             1.000000       
77.000000            16.666667                 6.000000             1.000000       
77.000000            16.666667                 6.000000             1.000000       
78.000000            33.333333                 6.000000             2.000000       
78.000000            33.333333                 6.000000             2.000000       
78.000000            16.666667                 6.000000             1.000000       
78.000000            16.666667                 6.000000             1.000000       
79.000000            40.000000                 5.000000             2.000000       
79.000000            20.000000                 5.000000             1.000000       
79.000000            20.000000                 5.000000             1.000000       
79.000000            20.000000                 5.000000             1.000000       
80.000000            40.000000                 5.000000             2.000000       
80.000000            20.000000                 5.000000             1.000000       
80.000000            20.000000                 5.000000             1.000000       
80.000000            20.000000                 5.000000             1.000000       
81.000000            40.000000                 5.000000             2.000000       
81.000000            20.000000                 5.000000             1.000000       
81.000000            20.000000                 5.000000             1.000000       
81.000000            20.000000                 5.000000             1.000000       
82.000000            40.000000                 5.000000             2.000000       
82.000000            20.000000                 5.000000             1.000000       
82.000000            20.000000                 5.000000             1.000000       
82.000000            20.000000                 5.000000             1.000000       
83.000000            66.666667                 3.000000             2.000000       
83.000000            33.333333                 3.000000             1.000000       
84.000000            11.764706                 17.000000            2.000000       
84.000000            11.764706                 17.000000            2.000000       
84.000000            11.764706                 17.000000            2.000000       
84.000000            11.764706                 17.000000            2.000000       
84.000000            11.764706                 17.000000            2.000000       
84.000000            11.764706                 17.000000            2.000000       
84.000000            5.882353                  17.000000            1.000000       
84.000000            5.882353                  17.000000            1.000000       
84.000000            5.882353                  17.000000            1.000000       
84.000000            5.882353                  17.000000            1.000000       
84.000000            5.882353                  17.000000            1.000000       
85.000000            18.181818                 11.000000            2.000000       
85.000000            18.181818                 11.000000            2.000000       
85.000000            18.181818                 11.000000            2.000000       
85.000000            9.090909                  11.000000            1.000000       
85.000000            9.090909                  11.000000            1.000000       
85.000000            9.090909                  11.000000            1.000000       
85.000000            9.090909                  11.000000            1.000000       
85.000000            9.090909                  11.000000            1.000000       
86.000000            20.000000                 10.000000            2.000000       
86.000000            20.000000                 10.000000            2.000000       
86.000000            20.000000                 10.000000            2.000000       
86.000000            10.000000                 10.000000            1.000000       
86.000000            10.000000                 10.000000            1.000000       
86.000000            10.000000                 10.000000            1.000000       
86.000000            10.000000                 10.000000            1.000000       
87.000000            16.666667                 12.000000            2.000000       
87.000000            16.666667                 12.000000            2.000000       
87.000000            16.666667                 12.000000            2.000000       
87.000000            8.333333                  12.000000            1.000000       
87.000000            8.333333                  12.000000            1.000000       
87.000000            8.333333                  12.000000            1.000000       
87.000000            8.333333                  12.000000            1.000000       
87.000000            8.333333                  12.000000            1.000000       
87.000000            8.333333                  12.000000            1.000000       
88.000000            25.000000                 8.000000             2.000000       
88.000000            12.500000                 8.000000             1.000000       
88.000000            12.500000                 8.000000             1.000000       
88.000000            12.500000                 8.000000             1.000000       
88.000000            12.500000                 8.000000             1.000000       
88.000000            12.500000                 8.000000             1.000000       
88.000000            12.500000                 8.000000             1.000000       
89.000000            25.000000                 8.000000             2.000000       
89.000000            25.000000                 8.000000             2.000000       
89.000000            12.500000                 8.000000             1.000000       
89.000000            12.500000                 8.000000             1.000000       
89.000000            12.500000                 8.000000             1.000000       
89.000000            12.500000                 8.000000             1.000000       
90.000000            18.181818                 11.000000            2.000000       
90.000000            18.181818                 11.000000            2.000000       
90.000000            9.090909                  11.000000            1.000000       
90.000000            9.090909                  11.000000            1.000000       
90.000000            9.090909                  11.000000            1.000000       
90.000000            9.090909                  11.000000            1.000000       
90.000000            9.090909                  11.000000            1.000000       
90.000000            9.090909                  11.000000            1.000000       
90.000000            9.090909                  11.000000            1.000000       
91.000000            22.222222                 9.000000             2.000000       
91.000000            11.111111                 9.000000             1.000000       
91.000000            11.111111                 9.000000             1.000000       
91.000000            11.111111                 9.000000             1.000000       
91.000000            11.111111                 9.000000             1.000000       
91.000000            11.111111                 9.000000             1.000000       
91.000000            11.111111                 9.000000             1.000000       
91.000000            11.111111                 9.000000             1.000000       
92.000000            20.000000                 10.000000            2.000000       
92.000000            20.000000                 10.000000            2.000000       
92.000000            20.000000                 10.000000            2.000000       
92.000000            10.000000                 10.000000            1.000000       
92.000000            10.000000                 10.000000            1.000000       
92.000000            10.000000                 10.000000            1.000000       
92.000000            10.000000                 10.000000            1.000000       
93.000000            28.571429                 7.000000             2.000000       
93.000000            14.285714                 7.000000             1.000000       
93.000000            14.285714                 7.000000             1.000000       
93.000000            14.285714                 7.000000             1.000000       
93.000000            14.285714                 7.000000             1.000000       
93.000000            14.285714                 7.000000             1.000000       
94.000000            16.666667                 12.000000            2.000000       
94.000000            16.666667                 12.000000            2.000000       
94.000000            16.666667                 12.000000            2.000000       
94.000000            8.333333                  12.000000            1.000000       
94.000000            8.333333                  12.000000            1.000000       
94.000000            8.333333                  12.000000            1.000000       
94.000000            8.333333                  12.000000            1.000000       
94.000000            8.333333                  12.000000            1.000000       
94.000000            8.333333                  12.000000            1.000000       
95.000000            16.666667                 12.000000            2.000000       
95.000000            16.666667                 12.000000            2.000000       
95.000000            8.333333                  12.000000            1.000000       
95.000000            8.333333                  12.000000            1.000000       
95.000000            8.333333                  12.000000            1.000000       
95.000000            8.333333                  12.000000            1.000000       
95.000000            8.333333                  12.000000            1.000000       
95.000000            8.333333                  12.000000            1.000000       
95.000000            8.333333                  12.000000            1.000000       
95.000000            8.333333                  12.000000            1.000000       
96.000000            28.571429                 7.000000             2.000000       
96.000000            28.571429                 7.000000             2.000000       
96.000000            14.285714                 7.000000             1.000000       
96.000000            14.285714                 7.000000             1.000000       
96.000000            14.285714                 7.000000             1.000000       
97.000000            15.384615                 13.000000            2.000000       
97.000000            15.384615                 13.000000            2.000000       
97.000000            7.692308                  13.000000            1.000000       
97.000000            7.692308                  13.000000            1.000000       
97.000000            7.692308                  13.000000            1.000000       
97.000000            7.692308                  13.000000            1.000000       
97.000000            7.692308                  13.000000            1.000000       
97.000000            7.692308                  13.000000            1.000000       
97.000000            7.692308                  13.000000            1.000000       
97.000000            7.692308                  13.000000            1.000000       
97.000000            7.692308                  13.000000            1.000000       
98.000000            15.384615                 13.000000            2.000000       
98.000000            15.384615                 13.000000            2.000000       
98.000000            7.692308                  13.000000            1.000000       
98.000000            7.692308                  13.000000            1.000000       
98.000000            7.692308                  13.000000            1.000000       
98.000000            7.692308                  13.000000            1.000000       
98.000000            7.692308                  13.000000            1.000000       
98.000000            7.692308                  13.000000            1.000000       
98.000000            7.692308                  13.000000            1.000000       
98.000000            7.692308                  13.000000            1.000000       
98.000000            7.692308                  13.000000            1.000000       
99.000000            20.000000                 10.000000            2.000000       
99.000000            20.000000                 10.000000            2.000000       
99.000000            20.000000                 10.000000            2.000000       
99.000000            10.000000                 10.000000            1.000000       
99.000000            10.000000                 10.000000            1.000000       
99.000000            10.000000                 10.000000            1.000000       
99.000000            10.000000                 10.000000            1.000000       
100.000000           33.333333                 6.000000             2.000000       
100.000000           33.333333                 6.000000             2.000000       
100.000000           16.666667                 6.000000             1.000000       
100.000000           16.666667                 6.000000             1.000000       
101.000000           16.666667                 6.000000             1.000000       
101.000000           16.666667                 6.000000             1.000000       
101.000000           16.666667                 6.000000             1.000000       
101.000000           16.666667                 6.000000             1.000000       
101.000000           16.666667                 6.000000             1.000000       
101.000000           16.666667                 6.000000             1.000000       
102.000000           50.000000                 2.000000             1.000000       
102.000000           50.000000                 2.000000             1.000000       
103.000000           33.333333                 3.000000             1.000000       
103.000000           33.333333                 3.000000             1.000000       
103.000000           33.333333                 3.000000             1.000000       
104.000000           50.000000                 2.000000             1.000000       
104.000000           50.000000                 2.000000             1.000000       
105.000000           33.333333                 3.000000             1.000000       
105.000000           33.333333                 3.000000             1.000000       
105.000000           33.333333                 3.000000             1.000000       
0.000000             100.000000                1.000000             1.000000       
0.000000             100.000000                1.000000             1.000000       
0.000000             100.000000                2.000000             2.000000       
