Dataset Size: 4621                          
Initial Event        Percentage of A->X        Frequency of A       Frequency of A->X
1.000000             80.514706                 1632.000000          1314.000000    
1.000000             4.901961                  1632.000000          80.000000      
1.000000             1.164216                  1632.000000          19.000000      
1.000000             1.041667                  1632.000000          17.000000      
1.000000             0.857843                  1632.000000          14.000000      
1.000000             0.857843                  1632.000000          14.000000      
1.000000             0.796569                  1632.000000          13.000000      
1.000000             0.735294                  1632.000000          12.000000      
1.000000             0.674020                  1632.000000          11.000000      
1.000000             0.674020                  1632.000000          11.000000      
1.000000             0.674020                  1632.000000          11.000000      
1.000000             0.612745                  1632.000000          10.000000      
1.000000             0.551471                  1632.000000          9.000000       
1.000000             0.551471                  1632.000000          9.000000       
1.000000             0.490196                  1632.000000          8.000000       
1.000000             0.428922                  1632.000000          7.000000       
1.000000             0.367647                  1632.000000          6.000000       
1.000000             0.245098                  1632.000000          4.000000       
1.000000             0.183824                  1632.000000          3.000000       
1.000000             0.183824                  1632.000000          3.000000       
1.000000             0.183824                  1632.000000          3.000000       
1.000000             0.122549                  1632.000000          2.000000       
1.000000             0.122549                  1632.000000          2.000000       
1.000000             0.122549                  1632.000000          2.000000       
1.000000             0.122549                  1632.000000          2.000000       
1.000000             0.122549                  1632.000000          2.000000       
1.000000             0.122549                  1632.000000          2.000000       
1.000000             0.122549                  1632.000000          2.000000       
1.000000             0.122549                  1632.000000          2.000000       
1.000000             0.122549                  1632.000000          2.000000       
1.000000             0.061275                  1632.000000          1.000000       
1.000000             0.061275                  1632.000000          1.000000       
1.000000             0.061275                  1632.000000          1.000000       
1.000000             0.061275                  1632.000000          1.000000       
1.000000             0.061275                  1632.000000          1.000000       
1.000000             0.061275                  1632.000000          1.000000       
1.000000             0.061275                  1632.000000          1.000000       
1.000000             0.061275                  1632.000000          1.000000       
1.000000             0.061275                  1632.000000          1.000000       
1.000000             0.061275                  1632.000000          1.000000       
1.000000             0.061275                  1632.000000          1.000000       
1.000000             0.061275                  1632.000000          1.000000       
1.000000             0.061275                  1632.000000          1.000000       
1.000000             0.061275                  1632.000000          1.000000       
1.000000             0.061275                  1632.000000          1.000000       
1.000000             0.061275                  1632.000000          1.000000       
1.000000             0.061275                  1632.000000          1.000000       
1.000000             0.061275                  1632.000000          1.000000       
1.000000             0.061275                  1632.000000          1.000000       
1.000000             0.061275                  1632.000000          1.000000       
1.000000             0.061275                  1632.000000          1.000000       
1.000000             0.061275                  1632.000000          1.000000       
1.000000             0.061275                  1632.000000          1.000000       
1.000000             0.061275                  1632.000000          1.000000       
1.000000             0.061275                  1632.000000          1.000000       
1.000000             0.061275                  1632.000000          1.000000       
1.000000             0.061275                  1632.000000          1.000000       
1.000000             0.061275                  1632.000000          1.000000       
1.000000             0.061275                  1632.000000          1.000000       
1.000000             0.061275                  1632.000000          1.000000       
1.000000             0.061275                  1632.000000          1.000000       
1.000000             0.061275                  1632.000000          1.000000       
1.000000             0.061275                  1632.000000          1.000000       
1.000000             0.061275                  1632.000000          1.000000       
1.000000             0.061275                  1632.000000          1.000000       
1.000000             0.061275                  1632.000000          1.000000       
2.000000             65.801527                 655.000000           431.000000     
2.000000             12.366412                 655.000000           81.000000      
2.000000             8.244275                  655.000000           54.000000      
2.000000             3.358779                  655.000000           22.000000      
2.000000             1.221374                  655.000000           8.000000       
2.000000             1.068702                  655.000000           7.000000       
2.000000             1.068702                  655.000000           7.000000       
2.000000             0.916031                  655.000000           6.000000       
2.000000             0.916031                  655.000000           6.000000       
2.000000             0.610687                  655.000000           4.000000       
2.000000             0.305344                  655.000000           2.000000       
2.000000             0.305344                  655.000000           2.000000       
2.000000             0.305344                  655.000000           2.000000       
2.000000             0.305344                  655.000000           2.000000       
2.000000             0.305344                  655.000000           2.000000       
2.000000             0.305344                  655.000000           2.000000       
2.000000             0.152672                  655.000000           1.000000       
2.000000             0.152672                  655.000000           1.000000       
2.000000             0.152672                  655.000000           1.000000       
2.000000             0.152672                  655.000000           1.000000       
2.000000             0.152672                  655.000000           1.000000       
2.000000             0.152672                  655.000000           1.000000       
2.000000             0.152672                  655.000000           1.000000       
2.000000             0.152672                  655.000000           1.000000       
2.000000             0.152672                  655.000000           1.000000       
2.000000             0.152672                  655.000000           1.000000       
2.000000             0.152672                  655.000000           1.000000       
2.000000             0.152672                  655.000000           1.000000       
2.000000             0.152672                  655.000000           1.000000       
2.000000             0.152672                  655.000000           1.000000       
2.000000             0.152672                  655.000000           1.000000       
2.000000             0.152672                  655.000000           1.000000       
2.000000             0.152672                  655.000000           1.000000       
3.000000             45.859873                 157.000000           72.000000      
3.000000             32.484076                 157.000000           51.000000      
3.000000             7.006369                  157.000000           11.000000      
3.000000             3.821656                  157.000000           6.000000       
3.000000             3.821656                  157.000000           6.000000       
3.000000             1.273885                  157.000000           2.000000       
3.000000             1.273885                  157.000000           2.000000       
3.000000             1.273885                  157.000000           2.000000       
3.000000             1.273885                  157.000000           2.000000       
3.000000             0.636943                  157.000000           1.000000       
3.000000             0.636943                  157.000000           1.000000       
3.000000             0.636943                  157.000000           1.000000       
4.000000             61.111111                 108.000000           66.000000      
4.000000             8.333333                  108.000000           9.000000       
4.000000             7.407407                  108.000000           8.000000       
4.000000             6.481481                  108.000000           7.000000       
4.000000             6.481481                  108.000000           7.000000       
4.000000             2.777778                  108.000000           3.000000       
4.000000             1.851852                  108.000000           2.000000       
4.000000             0.925926                  108.000000           1.000000       
4.000000             0.925926                  108.000000           1.000000       
4.000000             0.925926                  108.000000           1.000000       
4.000000             0.925926                  108.000000           1.000000       
4.000000             0.925926                  108.000000           1.000000       
4.000000             0.925926                  108.000000           1.000000       
5.000000             91.666667                 36.000000            33.000000      
5.000000             8.333333                  36.000000            3.000000       
6.000000             91.428571                 35.000000            32.000000      
6.000000             2.857143                  35.000000            1.000000       
6.000000             2.857143                  35.000000            1.000000       
6.000000             2.857143                  35.000000            1.000000       
7.000000             53.333333                 60.000000            32.000000      
7.000000             18.333333                 60.000000            11.000000      
7.000000             11.666667                 60.000000            7.000000       
7.000000             10.000000                 60.000000            6.000000       
7.000000             1.666667                  60.000000            1.000000       
7.000000             1.666667                  60.000000            1.000000       
7.000000             1.666667                  60.000000            1.000000       
7.000000             1.666667                  60.000000            1.000000       
8.000000             56.140351                 57.000000            32.000000      
8.000000             17.543860                 57.000000            10.000000      
8.000000             17.543860                 57.000000            10.000000      
8.000000             3.508772                  57.000000            2.000000       
8.000000             1.754386                  57.000000            1.000000       
8.000000             1.754386                  57.000000            1.000000       
8.000000             1.754386                  57.000000            1.000000       
9.000000             88.571429                 35.000000            31.000000      
9.000000             8.571429                  35.000000            3.000000       
9.000000             2.857143                  35.000000            1.000000       
10.000000            88.235294                 34.000000            30.000000      
10.000000            5.882353                  34.000000            2.000000       
10.000000            2.941176                  34.000000            1.000000       
10.000000            2.941176                  34.000000            1.000000       
11.000000            66.666667                 45.000000            30.000000      
11.000000            28.888889                 45.000000            13.000000      
11.000000            4.444444                  45.000000            2.000000       
12.000000            85.294118                 34.000000            29.000000      
12.000000            8.823529                  34.000000            3.000000       
12.000000            2.941176                  34.000000            1.000000       
12.000000            2.941176                  34.000000            1.000000       
13.000000            85.294118                 34.000000            29.000000      
13.000000            8.823529                  34.000000            3.000000       
13.000000            2.941176                  34.000000            1.000000       
13.000000            2.941176                  34.000000            1.000000       
14.000000            87.878788                 33.000000            29.000000      
14.000000            6.060606                  33.000000            2.000000       
14.000000            3.030303                  33.000000            1.000000       
14.000000            3.030303                  33.000000            1.000000       
15.000000            87.878788                 33.000000            29.000000      
15.000000            9.090909                  33.000000            3.000000       
15.000000            3.030303                  33.000000            1.000000       
16.000000            84.848485                 33.000000            28.000000      
16.000000            9.090909                  33.000000            3.000000       
16.000000            3.030303                  33.000000            1.000000       
16.000000            3.030303                  33.000000            1.000000       
17.000000            84.848485                 33.000000            28.000000      
17.000000            6.060606                  33.000000            2.000000       
17.000000            3.030303                  33.000000            1.000000       
17.000000            3.030303                  33.000000            1.000000       
17.000000            3.030303                  33.000000            1.000000       
18.000000            81.818182                 33.000000            27.000000      
18.000000            9.090909                  33.000000            3.000000       
18.000000            6.060606                  33.000000            2.000000       
18.000000            3.030303                  33.000000            1.000000       
19.000000            84.375000                 32.000000            27.000000      
19.000000            9.375000                  32.000000            3.000000       
19.000000            3.125000                  32.000000            1.000000       
19.000000            3.125000                  32.000000            1.000000       
20.000000            87.096774                 31.000000            27.000000      
20.000000            9.677419                  31.000000            3.000000       
20.000000            3.225806                  31.000000            1.000000       
21.000000            84.375000                 32.000000            27.000000      
21.000000            9.375000                  32.000000            3.000000       
21.000000            3.125000                  32.000000            1.000000       
21.000000            3.125000                  32.000000            1.000000       
22.000000            81.818182                 33.000000            27.000000      
22.000000            6.060606                  33.000000            2.000000       
22.000000            6.060606                  33.000000            2.000000       
22.000000            3.030303                  33.000000            1.000000       
22.000000            3.030303                  33.000000            1.000000       
23.000000            64.285714                 42.000000            27.000000      
23.000000            30.952381                 42.000000            13.000000      
23.000000            2.380952                  42.000000            1.000000       
23.000000            2.380952                  42.000000            1.000000       
24.000000            81.250000                 32.000000            26.000000      
24.000000            9.375000                  32.000000            3.000000       
24.000000            6.250000                  32.000000            2.000000       
24.000000            3.125000                  32.000000            1.000000       
25.000000            81.250000                 32.000000            26.000000      
25.000000            9.375000                  32.000000            3.000000       
25.000000            3.125000                  32.000000            1.000000       
25.000000            3.125000                  32.000000            1.000000       
25.000000            3.125000                  32.000000            1.000000       
26.000000            83.870968                 31.000000            26.000000      
26.000000            9.677419                  31.000000            3.000000       
26.000000            3.225806                  31.000000            1.000000       
26.000000            3.225806                  31.000000            1.000000       
27.000000            83.870968                 31.000000            26.000000      
27.000000            9.677419                  31.000000            3.000000       
27.000000            3.225806                  31.000000            1.000000       
27.000000            3.225806                  31.000000            1.000000       
28.000000            65.000000                 40.000000            26.000000      
28.000000            15.000000                 40.000000            6.000000       
28.000000            10.000000                 40.000000            4.000000       
28.000000            5.000000                  40.000000            2.000000       
28.000000            2.500000                  40.000000            1.000000       
28.000000            2.500000                  40.000000            1.000000       
29.000000            63.414634                 41.000000            26.000000      
29.000000            24.390244                 41.000000            10.000000      
29.000000            4.878049                  41.000000            2.000000       
29.000000            2.439024                  41.000000            1.000000       
29.000000            2.439024                  41.000000            1.000000       
29.000000            2.439024                  41.000000            1.000000       
30.000000            78.125000                 32.000000            25.000000      
30.000000            9.375000                  32.000000            3.000000       
30.000000            6.250000                  32.000000            2.000000       
30.000000            3.125000                  32.000000            1.000000       
30.000000            3.125000                  32.000000            1.000000       
31.000000            80.645161                 31.000000            25.000000      
31.000000            6.451613                  31.000000            2.000000       
31.000000            6.451613                  31.000000            2.000000       
31.000000            3.225806                  31.000000            1.000000       
31.000000            3.225806                  31.000000            1.000000       
32.000000            67.567568                 37.000000            25.000000      
32.000000            13.513514                 37.000000            5.000000       
32.000000            13.513514                 37.000000            5.000000       
32.000000            2.702703                  37.000000            1.000000       
32.000000            2.702703                  37.000000            1.000000       
33.000000            77.419355                 31.000000            24.000000      
33.000000            9.677419                  31.000000            3.000000       
33.000000            6.451613                  31.000000            2.000000       
33.000000            3.225806                  31.000000            1.000000       
33.000000            3.225806                  31.000000            1.000000       
34.000000            77.419355                 31.000000            24.000000      
34.000000            9.677419                  31.000000            3.000000       
34.000000            6.451613                  31.000000            2.000000       
34.000000            3.225806                  31.000000            1.000000       
34.000000            3.225806                  31.000000            1.000000       
35.000000            60.000000                 40.000000            24.000000      
35.000000            15.000000                 40.000000            6.000000       
35.000000            10.000000                 40.000000            4.000000       
35.000000            7.500000                  40.000000            3.000000       
35.000000            2.500000                  40.000000            1.000000       
35.000000            2.500000                  40.000000            1.000000       
35.000000            2.500000                  40.000000            1.000000       
36.000000            57.894737                 38.000000            22.000000      
36.000000            21.052632                 38.000000            8.000000       
36.000000            7.894737                  38.000000            3.000000       
36.000000            5.263158                  38.000000            2.000000       
36.000000            2.631579                  38.000000            1.000000       
36.000000            2.631579                  38.000000            1.000000       
36.000000            2.631579                  38.000000            1.000000       
37.000000            75.000000                 28.000000            21.000000      
37.000000            10.714286                 28.000000            3.000000       
37.000000            7.142857                  28.000000            2.000000       
37.000000            3.571429                  28.000000            1.000000       
37.000000            3.571429                  28.000000            1.000000       
38.000000            67.741935                 31.000000            21.000000      
38.000000            22.580645                 31.000000            7.000000       
38.000000            9.677419                  31.000000            3.000000       
39.000000            60.606061                 33.000000            20.000000      
39.000000            24.242424                 33.000000            8.000000       
39.000000            9.090909                  33.000000            3.000000       
39.000000            3.030303                  33.000000            1.000000       
39.000000            3.030303                  33.000000            1.000000       
40.000000            55.555556                 36.000000            20.000000      
40.000000            13.888889                 36.000000            5.000000       
40.000000            8.333333                  36.000000            3.000000       
40.000000            8.333333                  36.000000            3.000000       
40.000000            2.777778                  36.000000            1.000000       
40.000000            2.777778                  36.000000            1.000000       
40.000000            2.777778                  36.000000            1.000000       
40.000000            2.777778                  36.000000            1.000000       
40.000000            2.777778                  36.000000            1.000000       
41.000000            48.717949                 39.000000            19.000000      
41.000000            20.512821                 39.000000            8.000000       
41.000000            10.256410                 39.000000            4.000000       
41.000000            7.692308                  39.000000            3.000000       
41.000000            7.692308                  39.000000            3.000000       
41.000000            2.564103                  39.000000            1.000000       
41.000000            2.564103                  39.000000            1.000000       
42.000000            55.882353                 34.000000            19.000000      
42.000000            23.529412                 34.000000            8.000000       
42.000000            5.882353                  34.000000            2.000000       
42.000000            2.941176                  34.000000            1.000000       
42.000000            2.941176                  34.000000            1.000000       
42.000000            2.941176                  34.000000            1.000000       
42.000000            2.941176                  34.000000            1.000000       
42.000000            2.941176                  34.000000            1.000000       
43.000000            55.882353                 34.000000            19.000000      
43.000000            26.470588                 34.000000            9.000000       
43.000000            5.882353                  34.000000            2.000000       
43.000000            5.882353                  34.000000            2.000000       
43.000000            2.941176                  34.000000            1.000000       
43.000000            2.941176                  34.000000            1.000000       
44.000000            57.575758                 33.000000            19.000000      
44.000000            15.151515                 33.000000            5.000000       
44.000000            12.121212                 33.000000            4.000000       
44.000000            9.090909                  33.000000            3.000000       
44.000000            3.030303                  33.000000            1.000000       
44.000000            3.030303                  33.000000            1.000000       
45.000000            60.000000                 30.000000            18.000000      
45.000000            20.000000                 30.000000            6.000000       
45.000000            6.666667                  30.000000            2.000000       
45.000000            3.333333                  30.000000            1.000000       
45.000000            3.333333                  30.000000            1.000000       
45.000000            3.333333                  30.000000            1.000000       
45.000000            3.333333                  30.000000            1.000000       
46.000000            54.545455                 33.000000            18.000000      
46.000000            21.212121                 33.000000            7.000000       
46.000000            9.090909                  33.000000            3.000000       
46.000000            6.060606                  33.000000            2.000000       
46.000000            3.030303                  33.000000            1.000000       
46.000000            3.030303                  33.000000            1.000000       
46.000000            3.030303                  33.000000            1.000000       
47.000000            68.000000                 25.000000            17.000000      
47.000000            24.000000                 25.000000            6.000000       
47.000000            4.000000                  25.000000            1.000000       
47.000000            4.000000                  25.000000            1.000000       
48.000000            77.272727                 22.000000            17.000000      
48.000000            18.181818                 22.000000            4.000000       
48.000000            4.545455                  22.000000            1.000000       
49.000000            56.666667                 30.000000            17.000000      
49.000000            10.000000                 30.000000            3.000000       
49.000000            10.000000                 30.000000            3.000000       
49.000000            6.666667                  30.000000            2.000000       
49.000000            6.666667                  30.000000            2.000000       
49.000000            3.333333                  30.000000            1.000000       
49.000000            3.333333                  30.000000            1.000000       
49.000000            3.333333                  30.000000            1.000000       
50.000000            51.612903                 31.000000            16.000000      
50.000000            16.129032                 31.000000            5.000000       
50.000000            16.129032                 31.000000            5.000000       
50.000000            9.677419                  31.000000            3.000000       
50.000000            3.225806                  31.000000            1.000000       
50.000000            3.225806                  31.000000            1.000000       
51.000000            45.454545                 33.000000            15.000000      
51.000000            27.272727                 33.000000            9.000000       
51.000000            18.181818                 33.000000            6.000000       
51.000000            6.060606                  33.000000            2.000000       
51.000000            3.030303                  33.000000            1.000000       
52.000000            76.470588                 17.000000            13.000000      
52.000000            11.764706                 17.000000            2.000000       
52.000000            5.882353                  17.000000            1.000000       
52.000000            5.882353                  17.000000            1.000000       
53.000000            60.000000                 20.000000            12.000000      
53.000000            30.000000                 20.000000            6.000000       
53.000000            5.000000                  20.000000            1.000000       
53.000000            5.000000                  20.000000            1.000000       
54.000000            57.142857                 21.000000            12.000000      
54.000000            33.333333                 21.000000            7.000000       
54.000000            4.761905                  21.000000            1.000000       
54.000000            4.761905                  21.000000            1.000000       
55.000000            75.000000                 12.000000            9.000000       
55.000000            8.333333                  12.000000            1.000000       
55.000000            8.333333                  12.000000            1.000000       
55.000000            8.333333                  12.000000            1.000000       
56.000000            61.538462                 13.000000            8.000000       
56.000000            23.076923                 13.000000            3.000000       
56.000000            15.384615                 13.000000            2.000000       
57.000000            70.000000                 10.000000            7.000000       
57.000000            10.000000                 10.000000            1.000000       
57.000000            10.000000                 10.000000            1.000000       
57.000000            10.000000                 10.000000            1.000000       
58.000000            77.777778                 9.000000             7.000000       
58.000000            22.222222                 9.000000             2.000000       
59.000000            30.000000                 20.000000            6.000000       
59.000000            25.000000                 20.000000            5.000000       
59.000000            15.000000                 20.000000            3.000000       
59.000000            10.000000                 20.000000            2.000000       
59.000000            5.000000                  20.000000            1.000000       
59.000000            5.000000                  20.000000            1.000000       
59.000000            5.000000                  20.000000            1.000000       
59.000000            5.000000                  20.000000            1.000000       
60.000000            54.545455                 11.000000            6.000000       
60.000000            27.272727                 11.000000            3.000000       
60.000000            18.181818                 11.000000            2.000000       
61.000000            60.000000                 10.000000            6.000000       
61.000000            30.000000                 10.000000            3.000000       
61.000000            10.000000                 10.000000            1.000000       
62.000000            80.000000                 5.000000             4.000000       
62.000000            20.000000                 5.000000             1.000000       
63.000000            44.444444                 9.000000             4.000000       
63.000000            11.111111                 9.000000             1.000000       
63.000000            11.111111                 9.000000             1.000000       
63.000000            11.111111                 9.000000             1.000000       
63.000000            11.111111                 9.000000             1.000000       
63.000000            11.111111                 9.000000             1.000000       
64.000000            75.000000                 4.000000             3.000000       
64.000000            25.000000                 4.000000             1.000000       
65.000000            66.666667                 3.000000             2.000000       
65.000000            33.333333                 3.000000             1.000000       
66.000000            66.666667                 3.000000             2.000000       
66.000000            33.333333                 3.000000             1.000000       
67.000000            33.333333                 6.000000             2.000000       
67.000000            33.333333                 6.000000             2.000000       
67.000000            16.666667                 6.000000             1.000000       
67.000000            16.666667                 6.000000             1.000000       
68.000000            28.571429                 7.000000             2.000000       
68.000000            14.285714                 7.000000             1.000000       
68.000000            14.285714                 7.000000             1.000000       
68.000000            14.285714                 7.000000             1.000000       
68.000000            14.285714                 7.000000             1.000000       
68.000000            14.285714                 7.000000             1.000000       
69.000000            50.000000                 4.000000             2.000000       
69.000000            25.000000                 4.000000             1.000000       
69.000000            25.000000                 4.000000             1.000000       
70.000000            66.666667                 3.000000             2.000000       
70.000000            33.333333                 3.000000             1.000000       
71.000000            66.666667                 3.000000             2.000000       
71.000000            33.333333                 3.000000             1.000000       
72.000000            40.000000                 5.000000             2.000000       
72.000000            20.000000                 5.000000             1.000000       
72.000000            20.000000                 5.000000             1.000000       
72.000000            20.000000                 5.000000             1.000000       
73.000000            50.000000                 4.000000             2.000000       
73.000000            25.000000                 4.000000             1.000000       
73.000000            25.000000                 4.000000             1.000000       
74.000000            50.000000                 2.000000             1.000000       
74.000000            50.000000                 2.000000             1.000000       
75.000000            50.000000                 2.000000             1.000000       
75.000000            50.000000                 2.000000             1.000000       
76.000000            50.000000                 2.000000             1.000000       
76.000000            50.000000                 2.000000             1.000000       
77.000000            50.000000                 2.000000             1.000000       
77.000000            50.000000                 2.000000             1.000000       
78.000000            50.000000                 2.000000             1.000000       
78.000000            50.000000                 2.000000             1.000000       
79.000000            50.000000                 2.000000             1.000000       
79.000000            50.000000                 2.000000             1.000000       
80.000000            33.333333                 3.000000             1.000000       
80.000000            33.333333                 3.000000             1.000000       
80.000000            33.333333                 3.000000             1.000000       
81.000000            33.333333                 3.000000             1.000000       
81.000000            33.333333                 3.000000             1.000000       
81.000000            33.333333                 3.000000             1.000000       
82.000000            50.000000                 2.000000             1.000000       
82.000000            50.000000                 2.000000             1.000000       
83.000000            50.000000                 2.000000             1.000000       
83.000000            50.000000                 2.000000             1.000000       
84.000000            50.000000                 2.000000             1.000000       
84.000000            50.000000                 2.000000             1.000000       
85.000000            50.000000                 2.000000             1.000000       
85.000000            50.000000                 2.000000             1.000000       
86.000000            33.333333                 3.000000             1.000000       
86.000000            33.333333                 3.000000             1.000000       
86.000000            33.333333                 3.000000             1.000000       
87.000000            50.000000                 2.000000             1.000000       
87.000000            50.000000                 2.000000             1.000000       
88.000000            33.333333                 3.000000             1.000000       
88.000000            33.333333                 3.000000             1.000000       
88.000000            33.333333                 3.000000             1.000000       
89.000000            50.000000                 2.000000             1.000000       
89.000000            50.000000                 2.000000             1.000000       
90.000000            50.000000                 2.000000             1.000000       
90.000000            50.000000                 2.000000             1.000000       
91.000000            25.000000                 4.000000             1.000000       
91.000000            25.000000                 4.000000             1.000000       
91.000000            25.000000                 4.000000             1.000000       
91.000000            25.000000                 4.000000             1.000000       
92.000000            33.333333                 3.000000             1.000000       
92.000000            33.333333                 3.000000             1.000000       
92.000000            33.333333                 3.000000             1.000000       
93.000000            50.000000                 2.000000             1.000000       
93.000000            50.000000                 2.000000             1.000000       
94.000000            50.000000                 2.000000             1.000000       
94.000000            50.000000                 2.000000             1.000000       
95.000000            50.000000                 2.000000             1.000000       
95.000000            50.000000                 2.000000             1.000000       
96.000000            25.000000                 4.000000             1.000000       
96.000000            25.000000                 4.000000             1.000000       
96.000000            25.000000                 4.000000             1.000000       
96.000000            25.000000                 4.000000             1.000000       
97.000000            50.000000                 2.000000             1.000000       
97.000000            50.000000                 2.000000             1.000000       
98.000000            50.000000                 2.000000             1.000000       
98.000000            50.000000                 2.000000             1.000000       
99.000000            50.000000                 2.000000             1.000000       
99.000000            50.000000                 2.000000             1.000000       
100.000000           33.333333                 3.000000             1.000000       
100.000000           33.333333                 3.000000             1.000000       
100.000000           33.333333                 3.000000             1.000000       
101.000000           50.000000                 2.000000             1.000000       
101.000000           50.000000                 2.000000             1.000000       
102.000000           50.000000                 2.000000             1.000000       
102.000000           50.000000                 2.000000             1.000000       
103.000000           50.000000                 2.000000             1.000000       
103.000000           50.000000                 2.000000             1.000000       
104.000000           50.000000                 2.000000             1.000000       
104.000000           50.000000                 2.000000             1.000000       
105.000000           25.000000                 4.000000             1.000000       
105.000000           25.000000                 4.000000             1.000000       
105.000000           25.000000                 4.000000             1.000000       
105.000000           25.000000                 4.000000             1.000000       
0.000000             100.000000                1.000000             1.000000       
0.000000             100.000000                1.000000             1.000000       
0.000000             100.000000                1.000000             1.000000       
0.000000             100.000000                1.000000             1.000000       
0.000000             100.000000                1.000000             1.000000       
0.000000             100.000000                1.000000             1.000000       
0.000000             100.000000                1.000000             1.000000       
0.000000             100.000000                1.000000             1.000000       
0.000000             100.000000                1.000000             1.000000       
0.000000             100.000000                1.000000             1.000000       
0.000000             100.000000                1.000000             1.000000       
0.000000             100.000000                1.000000             1.000000       
0.000000             100.000000                1.000000             1.000000       
0.000000             100.000000                1.000000             1.000000       
0.000000             100.000000                1.000000             1.000000       
0.000000             100.000000                1.000000             1.000000       
0.000000             100.000000                1.000000             1.000000       
0.000000             100.000000                1.000000             1.000000       
0.000000             100.000000                1.000000             1.000000       
0.000000             100.000000                1.000000             1.000000       
0.000000             100.000000                1.000000             1.000000       
0.000000             100.000000                1.000000             1.000000       
0.000000             100.000000                1.000000             1.000000       
0.000000             100.000000                1.000000             1.000000       
0.000000             100.000000                1.000000             1.000000       
0.000000             100.000000                1.000000             1.000000       
0.000000             100.000000                1.000000             1.000000       
0.000000             100.000000                1.000000             1.000000       
0.000000             100.000000                1.000000             1.000000       
0.000000             100.000000                1.000000             1.000000       
0.000000             100.000000                1.000000             1.000000       
0.000000             100.000000                1.000000             1.000000       
0.000000             100.000000                1.000000             1.000000       
0.000000             100.000000                1.000000             1.000000       
0.000000             100.000000                1.000000             1.000000       
0.000000             100.000000                1.000000             1.000000       
0.000000             100.000000                1.000000             1.000000       
0.000000             100.000000                1.000000             1.000000       
0.000000             100.000000                1.000000             1.000000       
0.000000             100.000000                1.000000             1.000000       
0.000000             100.000000                1.000000             1.000000       
0.000000             100.000000                1.000000             1.000000       
0.000000             100.000000                1.000000             1.000000       
0.000000             100.000000                1.000000             1.000000       
0.000000             100.000000                1.000000             1.000000       
0.000000             100.000000                1.000000             1.000000       
0.000000             100.000000                1.000000             1.000000       
0.000000             100.000000                1.000000             1.000000       
0.000000             100.000000                1.000000             1.000000       
0.000000             100.000000                1.000000             1.000000       
0.000000             100.000000                1.000000             1.000000       
0.000000             100.000000                1.000000             1.000000       
0.000000             100.000000                1.000000             1.000000       
0.000000             100.000000                1.000000             1.000000       
0.000000             100.000000                1.000000             1.000000       
0.000000             100.000000                1.000000             1.000000       
0.000000             100.000000                1.000000             1.000000       
0.000000             100.000000                1.000000             1.000000       
0.000000             100.000000                1.000000             1.000000       
0.000000             100.000000                1.000000             1.000000       
0.000000             100.000000                1.000000             1.000000       
0.000000             100.000000                1.000000             1.000000       
0.000000             100.000000                1.000000             1.000000       
0.000000             100.000000                1.000000             1.000000       
0.000000             100.000000                1.000000             1.000000       
0.000000             100.000000                1.000000             1.000000       
0.000000             100.000000                3.000000             3.000000       
0.000000             100.000000                2.000000             2.000000       
0.000000             100.000000                2.000000             2.000000       
0.000000             100.000000                2.000000             2.000000       
0.000000             100.000000                2.000000             2.000000       
0.000000             100.000000                2.000000             2.000000       
0.000000             100.000000                2.000000             2.000000       
0.000000             100.000000                2.000000             2.000000       
0.000000             100.000000                2.000000             2.000000       
0.000000             100.000000                2.000000             2.000000       
0.000000             100.000000                1.000000             1.000000       
0.000000             100.000000                1.000000             1.000000       
0.000000             100.000000                1.000000             1.000000       
0.000000             100.000000                1.000000             1.000000       
0.000000             100.000000                1.000000             1.000000       
0.000000             100.000000                1.000000             1.000000       
0.000000             100.000000                1.000000             1.000000       
0.000000             100.000000                1.000000             1.000000       
0.000000             100.000000                1.000000             1.000000       
0.000000             100.000000                1.000000             1.000000       
0.000000             100.000000                1.000000             1.000000       
0.000000             100.000000                1.000000             1.000000       
0.000000             100.000000                1.000000             1.000000       
0.000000             100.000000                1.000000             1.000000       
0.000000             100.000000                1.000000             1.000000       
0.000000             100.000000                1.000000             1.000000       
0.000000             100.000000                1.000000             1.000000       
0.000000             100.000000                1.000000             1.000000       
0.000000             100.000000                1.000000             1.000000       
0.000000             100.000000                1.000000             1.000000       
0.000000             100.000000                1.000000             1.000000       
0.000000             100.000000                1.000000             1.000000       
0.000000             100.000000                1.000000             1.000000       
0.000000             100.000000                1.000000             1.000000       
0.000000             100.000000                1.000000             1.000000       
0.000000             100.000000                1.000000             1.000000       
0.000000             100.000000                1.000000             1.000000       
0.000000             100.000000                1.000000             1.000000       
0.000000             100.000000                1.000000             1.000000       
0.000000             100.000000                1.000000             1.000000       
0.000000             100.000000                1.000000             1.000000       
0.000000             100.000000                1.000000             1.000000       
0.000000             100.000000                1.000000             1.000000       
0.000000             100.000000                1.000000             1.000000       
0.000000             100.000000                1.000000             1.000000       
0.000000             100.000000                1.000000             1.000000       
0.000000             100.000000                1.000000             1.000000       
0.000000             100.000000                1.000000             1.000000       
0.000000             100.000000                1.000000             1.000000       
0.000000             100.000000                1.000000             1.000000       
0.000000             100.000000                1.000000             1.000000       
0.000000             100.000000                1.000000             1.000000       
0.000000             100.000000                1.000000             1.000000       
0.000000             100.000000                1.000000             1.000000       
0.000000             100.000000                1.000000             1.000000       
0.000000             100.000000                1.000000             1.000000       
0.000000             100.000000                1.000000             1.000000       
0.000000             100.000000                1.000000             1.000000       
0.000000             100.000000                1.000000             1.000000       
0.000000             100.000000                1.000000             1.000000       
0.000000             100.000000                1.000000             1.000000       
0.000000             100.000000                1.000000             1.000000       
0.000000             100.000000                1.000000             1.000000       
0.000000             100.000000                1.000000             1.000000       
0.000000             100.000000                1.000000             1.000000       
0.000000             100.000000                1.000000             1.000000       
0.000000             100.000000                1.000000             1.000000       
0.000000             100.000000                1.000000             1.000000       
0.000000             100.000000                1.000000             1.000000       
0.000000             100.000000                1.000000             1.000000       
0.000000             100.000000                1.000000             1.000000       
0.000000             100.000000                1.000000             1.000000       
0.000000             100.000000                1.000000             1.000000       
0.000000             100.000000                1.000000             1.000000       
0.000000             100.000000                1.000000             1.000000       
0.000000             100.000000                1.000000             1.000000       
0.000000             100.000000                1.000000             1.000000       
0.000000             100.000000                1.000000             1.000000       
0.000000             100.000000                1.000000             1.000000       
0.000000             100.000000                1.000000             1.000000       
0.000000             100.000000                1.000000             1.000000       
0.000000             100.000000                1.000000             1.000000       
0.000000             100.000000                1.000000             1.000000       
0.000000             100.000000                1.000000             1.000000       
0.000000             100.000000                1.000000             1.000000       
0.000000             100.000000                1.000000             1.000000       
0.000000             100.000000                1.000000             1.000000       
0.000000             100.000000                1.000000             1.000000       
0.000000             100.000000                1.000000             1.000000       
0.000000             100.000000                1.000000             1.000000       
0.000000             100.000000                1.000000             1.000000       
0.000000             100.000000                1.000000             1.000000       
