Dataset Size: 4032                          
Initial Event        Percentage of A->X        Frequency of A       Frequency of A->X
1.000000             79.956427                 2295.000000          1835.000000    
1.000000             1.132898                  2295.000000          26.000000      
1.000000             1.132898                  2295.000000          26.000000      
1.000000             0.871460                  2295.000000          20.000000      
1.000000             0.871460                  2295.000000          20.000000      
1.000000             0.827887                  2295.000000          19.000000      
1.000000             0.827887                  2295.000000          19.000000      
1.000000             0.784314                  2295.000000          18.000000      
1.000000             0.697168                  2295.000000          16.000000      
1.000000             0.610022                  2295.000000          14.000000      
1.000000             0.566449                  2295.000000          13.000000      
1.000000             0.566449                  2295.000000          13.000000      
1.000000             0.566449                  2295.000000          13.000000      
1.000000             0.522876                  2295.000000          12.000000      
1.000000             0.522876                  2295.000000          12.000000      
1.000000             0.479303                  2295.000000          11.000000      
1.000000             0.479303                  2295.000000          11.000000      
1.000000             0.479303                  2295.000000          11.000000      
1.000000             0.435730                  2295.000000          10.000000      
1.000000             0.435730                  2295.000000          10.000000      
1.000000             0.435730                  2295.000000          10.000000      
1.000000             0.435730                  2295.000000          10.000000      
1.000000             0.435730                  2295.000000          10.000000      
1.000000             0.435730                  2295.000000          10.000000      
1.000000             0.435730                  2295.000000          10.000000      
1.000000             0.392157                  2295.000000          9.000000       
1.000000             0.392157                  2295.000000          9.000000       
1.000000             0.348584                  2295.000000          8.000000       
1.000000             0.305011                  2295.000000          7.000000       
1.000000             0.305011                  2295.000000          7.000000       
1.000000             0.305011                  2295.000000          7.000000       
1.000000             0.305011                  2295.000000          7.000000       
1.000000             0.261438                  2295.000000          6.000000       
1.000000             0.217865                  2295.000000          5.000000       
1.000000             0.217865                  2295.000000          5.000000       
1.000000             0.174292                  2295.000000          4.000000       
1.000000             0.174292                  2295.000000          4.000000       
1.000000             0.130719                  2295.000000          3.000000       
1.000000             0.130719                  2295.000000          3.000000       
1.000000             0.130719                  2295.000000          3.000000       
1.000000             0.130719                  2295.000000          3.000000       
1.000000             0.130719                  2295.000000          3.000000       
1.000000             0.130719                  2295.000000          3.000000       
1.000000             0.087146                  2295.000000          2.000000       
1.000000             0.043573                  2295.000000          1.000000       
1.000000             0.043573                  2295.000000          1.000000       
1.000000             0.043573                  2295.000000          1.000000       
1.000000             0.043573                  2295.000000          1.000000       
1.000000             0.043573                  2295.000000          1.000000       
1.000000             0.043573                  2295.000000          1.000000       
1.000000             0.043573                  2295.000000          1.000000       
1.000000             0.043573                  2295.000000          1.000000       
1.000000             0.043573                  2295.000000          1.000000       
1.000000             0.043573                  2295.000000          1.000000       
1.000000             0.043573                  2295.000000          1.000000       
1.000000             0.043573                  2295.000000          1.000000       
1.000000             0.043573                  2295.000000          1.000000       
1.000000             0.043573                  2295.000000          1.000000       
1.000000             0.043573                  2295.000000          1.000000       
1.000000             0.043573                  2295.000000          1.000000       
1.000000             0.043573                  2295.000000          1.000000       
1.000000             0.043573                  2295.000000          1.000000       
2.000000             63.829787                 47.000000            30.000000      
2.000000             23.404255                 47.000000            11.000000      
2.000000             6.382979                  47.000000            3.000000       
2.000000             2.127660                  47.000000            1.000000       
2.000000             2.127660                  47.000000            1.000000       
2.000000             2.127660                  47.000000            1.000000       
3.000000             78.787879                 33.000000            26.000000      
3.000000             18.181818                 33.000000            6.000000       
3.000000             3.030303                  33.000000            1.000000       
4.000000             65.714286                 35.000000            23.000000      
4.000000             14.285714                 35.000000            5.000000       
4.000000             8.571429                  35.000000            3.000000       
4.000000             8.571429                  35.000000            3.000000       
4.000000             2.857143                  35.000000            1.000000       
5.000000             51.162791                 43.000000            22.000000      
5.000000             32.558140                 43.000000            14.000000      
5.000000             9.302326                  43.000000            4.000000       
5.000000             4.651163                  43.000000            2.000000       
5.000000             2.325581                  43.000000            1.000000       
6.000000             48.780488                 41.000000            20.000000      
6.000000             41.463415                 41.000000            17.000000      
6.000000             4.878049                  41.000000            2.000000       
6.000000             4.878049                  41.000000            2.000000       
7.000000             74.074074                 27.000000            20.000000      
7.000000             25.925926                 27.000000            7.000000       
8.000000             90.476190                 21.000000            19.000000      
8.000000             4.761905                  21.000000            1.000000       
8.000000             4.761905                  21.000000            1.000000       
9.000000             84.210526                 19.000000            16.000000      
9.000000             15.789474                 19.000000            3.000000       
10.000000            55.555556                 27.000000            15.000000      
10.000000            22.222222                 27.000000            6.000000       
10.000000            22.222222                 27.000000            6.000000       
11.000000            59.090909                 22.000000            13.000000      
11.000000            27.272727                 22.000000            6.000000       
11.000000            13.636364                 22.000000            3.000000       
12.000000            76.470588                 17.000000            13.000000      
12.000000            23.529412                 17.000000            4.000000       
13.000000            61.904762                 21.000000            13.000000      
13.000000            33.333333                 21.000000            7.000000       
13.000000            4.761905                  21.000000            1.000000       
14.000000            57.142857                 21.000000            12.000000      
14.000000            38.095238                 21.000000            8.000000       
14.000000            4.761905                  21.000000            1.000000       
15.000000            78.571429                 14.000000            11.000000      
15.000000            21.428571                 14.000000            3.000000       
16.000000            91.666667                 12.000000            11.000000      
16.000000            8.333333                  12.000000            1.000000       
17.000000            57.894737                 19.000000            11.000000      
17.000000            21.052632                 19.000000            4.000000       
17.000000            15.789474                 19.000000            3.000000       
17.000000            5.263158                  19.000000            1.000000       
18.000000            32.258065                 31.000000            10.000000      
18.000000            29.032258                 31.000000            9.000000       
18.000000            25.806452                 31.000000            8.000000       
18.000000            12.903226                 31.000000            4.000000       
19.000000            71.428571                 14.000000            10.000000      
19.000000            14.285714                 14.000000            2.000000       
19.000000            14.285714                 14.000000            2.000000       
20.000000            71.428571                 14.000000            10.000000      
20.000000            14.285714                 14.000000            2.000000       
20.000000            14.285714                 14.000000            2.000000       
21.000000            81.818182                 11.000000            9.000000       
21.000000            18.181818                 11.000000            2.000000       
22.000000            81.818182                 11.000000            9.000000       
22.000000            9.090909                  11.000000            1.000000       
22.000000            9.090909                  11.000000            1.000000       
23.000000            64.285714                 14.000000            9.000000       
23.000000            14.285714                 14.000000            2.000000       
23.000000            14.285714                 14.000000            2.000000       
23.000000            7.142857                  14.000000            1.000000       
24.000000            37.500000                 24.000000            9.000000       
24.000000            29.166667                 24.000000            7.000000       
24.000000            25.000000                 24.000000            6.000000       
24.000000            8.333333                  24.000000            2.000000       
25.000000            53.333333                 15.000000            8.000000       
25.000000            26.666667                 15.000000            4.000000       
25.000000            13.333333                 15.000000            2.000000       
25.000000            6.666667                  15.000000            1.000000       
26.000000            44.444444                 18.000000            8.000000       
26.000000            27.777778                 18.000000            5.000000       
26.000000            16.666667                 18.000000            3.000000       
26.000000            5.555556                  18.000000            1.000000       
26.000000            5.555556                  18.000000            1.000000       
27.000000            57.142857                 14.000000            8.000000       
27.000000            21.428571                 14.000000            3.000000       
27.000000            14.285714                 14.000000            2.000000       
27.000000            7.142857                  14.000000            1.000000       
28.000000            57.142857                 14.000000            8.000000       
28.000000            28.571429                 14.000000            4.000000       
28.000000            7.142857                  14.000000            1.000000       
28.000000            7.142857                  14.000000            1.000000       
29.000000            41.176471                 17.000000            7.000000       
29.000000            29.411765                 17.000000            5.000000       
29.000000            17.647059                 17.000000            3.000000       
29.000000            5.882353                  17.000000            1.000000       
29.000000            5.882353                  17.000000            1.000000       
30.000000            53.846154                 13.000000            7.000000       
30.000000            15.384615                 13.000000            2.000000       
30.000000            15.384615                 13.000000            2.000000       
30.000000            15.384615                 13.000000            2.000000       
31.000000            41.176471                 17.000000            7.000000       
31.000000            23.529412                 17.000000            4.000000       
31.000000            11.764706                 17.000000            2.000000       
31.000000            11.764706                 17.000000            2.000000       
31.000000            5.882353                  17.000000            1.000000       
31.000000            5.882353                  17.000000            1.000000       
32.000000            54.545455                 11.000000            6.000000       
32.000000            18.181818                 11.000000            2.000000       
32.000000            9.090909                  11.000000            1.000000       
32.000000            9.090909                  11.000000            1.000000       
32.000000            9.090909                  11.000000            1.000000       
33.000000            46.153846                 13.000000            6.000000       
33.000000            30.769231                 13.000000            4.000000       
33.000000            7.692308                  13.000000            1.000000       
33.000000            7.692308                  13.000000            1.000000       
33.000000            7.692308                  13.000000            1.000000       
34.000000            75.000000                 8.000000             6.000000       
34.000000            25.000000                 8.000000             2.000000       
35.000000            40.000000                 15.000000            6.000000       
35.000000            26.666667                 15.000000            4.000000       
35.000000            20.000000                 15.000000            3.000000       
35.000000            13.333333                 15.000000            2.000000       
36.000000            66.666667                 9.000000             6.000000       
36.000000            22.222222                 9.000000             2.000000       
36.000000            11.111111                 9.000000             1.000000       
37.000000            66.666667                 9.000000             6.000000       
37.000000            22.222222                 9.000000             2.000000       
37.000000            11.111111                 9.000000             1.000000       
38.000000            54.545455                 11.000000            6.000000       
38.000000            18.181818                 11.000000            2.000000       
38.000000            9.090909                  11.000000            1.000000       
38.000000            9.090909                  11.000000            1.000000       
38.000000            9.090909                  11.000000            1.000000       
39.000000            38.461538                 13.000000            5.000000       
39.000000            30.769231                 13.000000            4.000000       
39.000000            15.384615                 13.000000            2.000000       
39.000000            7.692308                  13.000000            1.000000       
39.000000            7.692308                  13.000000            1.000000       
40.000000            26.315789                 19.000000            5.000000       
40.000000            21.052632                 19.000000            4.000000       
40.000000            21.052632                 19.000000            4.000000       
40.000000            15.789474                 19.000000            3.000000       
40.000000            10.526316                 19.000000            2.000000       
40.000000            5.263158                  19.000000            1.000000       
41.000000            50.000000                 10.000000            5.000000       
41.000000            30.000000                 10.000000            3.000000       
41.000000            10.000000                 10.000000            1.000000       
41.000000            10.000000                 10.000000            1.000000       
42.000000            62.500000                 8.000000             5.000000       
42.000000            12.500000                 8.000000             1.000000       
42.000000            12.500000                 8.000000             1.000000       
42.000000            12.500000                 8.000000             1.000000       
43.000000            41.666667                 12.000000            5.000000       
43.000000            25.000000                 12.000000            3.000000       
43.000000            16.666667                 12.000000            2.000000       
43.000000            8.333333                  12.000000            1.000000       
43.000000            8.333333                  12.000000            1.000000       
44.000000            55.555556                 9.000000             5.000000       
44.000000            33.333333                 9.000000             3.000000       
44.000000            11.111111                 9.000000             1.000000       
45.000000            83.333333                 6.000000             5.000000       
45.000000            16.666667                 6.000000             1.000000       
46.000000            55.555556                 9.000000             5.000000       
46.000000            22.222222                 9.000000             2.000000       
46.000000            11.111111                 9.000000             1.000000       
46.000000            11.111111                 9.000000             1.000000       
47.000000            66.666667                 6.000000             4.000000       
47.000000            16.666667                 6.000000             1.000000       
47.000000            16.666667                 6.000000             1.000000       
48.000000            36.363636                 11.000000            4.000000       
48.000000            27.272727                 11.000000            3.000000       
48.000000            18.181818                 11.000000            2.000000       
48.000000            9.090909                  11.000000            1.000000       
48.000000            9.090909                  11.000000            1.000000       
49.000000            36.363636                 11.000000            4.000000       
49.000000            27.272727                 11.000000            3.000000       
49.000000            18.181818                 11.000000            2.000000       
49.000000            18.181818                 11.000000            2.000000       
50.000000            36.363636                 11.000000            4.000000       
50.000000            18.181818                 11.000000            2.000000       
50.000000            18.181818                 11.000000            2.000000       
50.000000            9.090909                  11.000000            1.000000       
50.000000            9.090909                  11.000000            1.000000       
50.000000            9.090909                  11.000000            1.000000       
51.000000            36.363636                 11.000000            4.000000       
51.000000            27.272727                 11.000000            3.000000       
51.000000            9.090909                  11.000000            1.000000       
51.000000            9.090909                  11.000000            1.000000       
51.000000            9.090909                  11.000000            1.000000       
51.000000            9.090909                  11.000000            1.000000       
52.000000            66.666667                 6.000000             4.000000       
52.000000            16.666667                 6.000000             1.000000       
52.000000            16.666667                 6.000000             1.000000       
53.000000            33.333333                 12.000000            4.000000       
53.000000            33.333333                 12.000000            4.000000       
53.000000            16.666667                 12.000000            2.000000       
53.000000            8.333333                  12.000000            1.000000       
53.000000            8.333333                  12.000000            1.000000       
54.000000            30.769231                 13.000000            4.000000       
54.000000            30.769231                 13.000000            4.000000       
54.000000            23.076923                 13.000000            3.000000       
54.000000            7.692308                  13.000000            1.000000       
54.000000            7.692308                  13.000000            1.000000       
55.000000            30.769231                 13.000000            4.000000       
55.000000            23.076923                 13.000000            3.000000       
55.000000            7.692308                  13.000000            1.000000       
55.000000            7.692308                  13.000000            1.000000       
55.000000            7.692308                  13.000000            1.000000       
55.000000            7.692308                  13.000000            1.000000       
55.000000            7.692308                  13.000000            1.000000       
55.000000            7.692308                  13.000000            1.000000       
56.000000            66.666667                 6.000000             4.000000       
56.000000            16.666667                 6.000000             1.000000       
56.000000            16.666667                 6.000000             1.000000       
57.000000            40.000000                 10.000000            4.000000       
57.000000            20.000000                 10.000000            2.000000       
57.000000            20.000000                 10.000000            2.000000       
57.000000            10.000000                 10.000000            1.000000       
57.000000            10.000000                 10.000000            1.000000       
58.000000            40.000000                 10.000000            4.000000       
58.000000            20.000000                 10.000000            2.000000       
58.000000            10.000000                 10.000000            1.000000       
58.000000            10.000000                 10.000000            1.000000       
58.000000            10.000000                 10.000000            1.000000       
58.000000            10.000000                 10.000000            1.000000       
59.000000            33.333333                 12.000000            4.000000       
59.000000            16.666667                 12.000000            2.000000       
59.000000            16.666667                 12.000000            2.000000       
59.000000            8.333333                  12.000000            1.000000       
59.000000            8.333333                  12.000000            1.000000       
59.000000            8.333333                  12.000000            1.000000       
59.000000            8.333333                  12.000000            1.000000       
60.000000            28.571429                 14.000000            4.000000       
60.000000            21.428571                 14.000000            3.000000       
60.000000            14.285714                 14.000000            2.000000       
60.000000            14.285714                 14.000000            2.000000       
60.000000            7.142857                  14.000000            1.000000       
60.000000            7.142857                  14.000000            1.000000       
60.000000            7.142857                  14.000000            1.000000       
61.000000            30.769231                 13.000000            4.000000       
61.000000            23.076923                 13.000000            3.000000       
61.000000            15.384615                 13.000000            2.000000       
61.000000            15.384615                 13.000000            2.000000       
61.000000            7.692308                  13.000000            1.000000       
61.000000            7.692308                  13.000000            1.000000       
62.000000            30.769231                 13.000000            4.000000       
62.000000            23.076923                 13.000000            3.000000       
62.000000            23.076923                 13.000000            3.000000       
62.000000            7.692308                  13.000000            1.000000       
62.000000            7.692308                  13.000000            1.000000       
62.000000            7.692308                  13.000000            1.000000       
63.000000            80.000000                 5.000000             4.000000       
63.000000            20.000000                 5.000000             1.000000       
64.000000            36.363636                 11.000000            4.000000       
64.000000            18.181818                 11.000000            2.000000       
64.000000            18.181818                 11.000000            2.000000       
64.000000            9.090909                  11.000000            1.000000       
64.000000            9.090909                  11.000000            1.000000       
64.000000            9.090909                  11.000000            1.000000       
65.000000            44.444444                 9.000000             4.000000       
65.000000            33.333333                 9.000000             3.000000       
65.000000            22.222222                 9.000000             2.000000       
66.000000            50.000000                 8.000000             4.000000       
66.000000            25.000000                 8.000000             2.000000       
66.000000            12.500000                 8.000000             1.000000       
66.000000            12.500000                 8.000000             1.000000       
67.000000            44.444444                 9.000000             4.000000       
67.000000            33.333333                 9.000000             3.000000       
67.000000            11.111111                 9.000000             1.000000       
67.000000            11.111111                 9.000000             1.000000       
68.000000            50.000000                 8.000000             4.000000       
68.000000            12.500000                 8.000000             1.000000       
68.000000            12.500000                 8.000000             1.000000       
68.000000            12.500000                 8.000000             1.000000       
68.000000            12.500000                 8.000000             1.000000       
69.000000            40.000000                 10.000000            4.000000       
69.000000            20.000000                 10.000000            2.000000       
69.000000            20.000000                 10.000000            2.000000       
69.000000            10.000000                 10.000000            1.000000       
69.000000            10.000000                 10.000000            1.000000       
70.000000            28.571429                 14.000000            4.000000       
70.000000            21.428571                 14.000000            3.000000       
70.000000            21.428571                 14.000000            3.000000       
70.000000            7.142857                  14.000000            1.000000       
70.000000            7.142857                  14.000000            1.000000       
70.000000            7.142857                  14.000000            1.000000       
70.000000            7.142857                  14.000000            1.000000       
71.000000            40.000000                 10.000000            4.000000       
71.000000            20.000000                 10.000000            2.000000       
71.000000            10.000000                 10.000000            1.000000       
71.000000            10.000000                 10.000000            1.000000       
71.000000            10.000000                 10.000000            1.000000       
71.000000            10.000000                 10.000000            1.000000       
72.000000            40.000000                 10.000000            4.000000       
72.000000            20.000000                 10.000000            2.000000       
72.000000            20.000000                 10.000000            2.000000       
72.000000            10.000000                 10.000000            1.000000       
72.000000            10.000000                 10.000000            1.000000       
73.000000            27.272727                 11.000000            3.000000       
73.000000            27.272727                 11.000000            3.000000       
73.000000            27.272727                 11.000000            3.000000       
73.000000            9.090909                  11.000000            1.000000       
73.000000            9.090909                  11.000000            1.000000       
74.000000            37.500000                 8.000000             3.000000       
74.000000            25.000000                 8.000000             2.000000       
74.000000            12.500000                 8.000000             1.000000       
74.000000            12.500000                 8.000000             1.000000       
74.000000            12.500000                 8.000000             1.000000       
75.000000            33.333333                 9.000000             3.000000       
75.000000            22.222222                 9.000000             2.000000       
75.000000            11.111111                 9.000000             1.000000       
75.000000            11.111111                 9.000000             1.000000       
75.000000            11.111111                 9.000000             1.000000       
75.000000            11.111111                 9.000000             1.000000       
76.000000            42.857143                 7.000000             3.000000       
76.000000            14.285714                 7.000000             1.000000       
76.000000            14.285714                 7.000000             1.000000       
76.000000            14.285714                 7.000000             1.000000       
76.000000            14.285714                 7.000000             1.000000       
77.000000            42.857143                 7.000000             3.000000       
77.000000            14.285714                 7.000000             1.000000       
77.000000            14.285714                 7.000000             1.000000       
77.000000            14.285714                 7.000000             1.000000       
77.000000            14.285714                 7.000000             1.000000       
78.000000            37.500000                 8.000000             3.000000       
78.000000            25.000000                 8.000000             2.000000       
78.000000            12.500000                 8.000000             1.000000       
78.000000            12.500000                 8.000000             1.000000       
78.000000            12.500000                 8.000000             1.000000       
79.000000            75.000000                 4.000000             3.000000       
79.000000            25.000000                 4.000000             1.000000       
80.000000            37.500000                 8.000000             3.000000       
80.000000            25.000000                 8.000000             2.000000       
80.000000            12.500000                 8.000000             1.000000       
80.000000            12.500000                 8.000000             1.000000       
80.000000            12.500000                 8.000000             1.000000       
81.000000            37.500000                 8.000000             3.000000       
81.000000            25.000000                 8.000000             2.000000       
81.000000            12.500000                 8.000000             1.000000       
81.000000            12.500000                 8.000000             1.000000       
81.000000            12.500000                 8.000000             1.000000       
82.000000            25.000000                 12.000000            3.000000       
82.000000            25.000000                 12.000000            3.000000       
82.000000            16.666667                 12.000000            2.000000       
82.000000            8.333333                  12.000000            1.000000       
82.000000            8.333333                  12.000000            1.000000       
82.000000            8.333333                  12.000000            1.000000       
82.000000            8.333333                  12.000000            1.000000       
83.000000            60.000000                 5.000000             3.000000       
83.000000            20.000000                 5.000000             1.000000       
83.000000            20.000000                 5.000000             1.000000       
84.000000            75.000000                 4.000000             3.000000       
84.000000            25.000000                 4.000000             1.000000       
85.000000            50.000000                 6.000000             3.000000       
85.000000            16.666667                 6.000000             1.000000       
85.000000            16.666667                 6.000000             1.000000       
85.000000            16.666667                 6.000000             1.000000       
86.000000            42.857143                 7.000000             3.000000       
86.000000            28.571429                 7.000000             2.000000       
86.000000            14.285714                 7.000000             1.000000       
86.000000            14.285714                 7.000000             1.000000       
87.000000            30.000000                 10.000000            3.000000       
87.000000            20.000000                 10.000000            2.000000       
87.000000            20.000000                 10.000000            2.000000       
87.000000            10.000000                 10.000000            1.000000       
87.000000            10.000000                 10.000000            1.000000       
87.000000            10.000000                 10.000000            1.000000       
88.000000            42.857143                 7.000000             3.000000       
88.000000            14.285714                 7.000000             1.000000       
88.000000            14.285714                 7.000000             1.000000       
88.000000            14.285714                 7.000000             1.000000       
88.000000            14.285714                 7.000000             1.000000       
89.000000            33.333333                 9.000000             3.000000       
89.000000            22.222222                 9.000000             2.000000       
89.000000            11.111111                 9.000000             1.000000       
89.000000            11.111111                 9.000000             1.000000       
89.000000            11.111111                 9.000000             1.000000       
89.000000            11.111111                 9.000000             1.000000       
90.000000            30.000000                 10.000000            3.000000       
90.000000            20.000000                 10.000000            2.000000       
90.000000            20.000000                 10.000000            2.000000       
90.000000            10.000000                 10.000000            1.000000       
90.000000            10.000000                 10.000000            1.000000       
90.000000            10.000000                 10.000000            1.000000       
91.000000            30.000000                 10.000000            3.000000       
91.000000            30.000000                 10.000000            3.000000       
91.000000            10.000000                 10.000000            1.000000       
91.000000            10.000000                 10.000000            1.000000       
91.000000            10.000000                 10.000000            1.000000       
91.000000            10.000000                 10.000000            1.000000       
92.000000            42.857143                 7.000000             3.000000       
92.000000            42.857143                 7.000000             3.000000       
92.000000            14.285714                 7.000000             1.000000       
93.000000            27.272727                 11.000000            3.000000       
93.000000            27.272727                 11.000000            3.000000       
93.000000            18.181818                 11.000000            2.000000       
93.000000            9.090909                  11.000000            1.000000       
93.000000            9.090909                  11.000000            1.000000       
93.000000            9.090909                  11.000000            1.000000       
94.000000            37.500000                 8.000000             3.000000       
94.000000            25.000000                 8.000000             2.000000       
94.000000            12.500000                 8.000000             1.000000       
94.000000            12.500000                 8.000000             1.000000       
94.000000            12.500000                 8.000000             1.000000       
95.000000            37.500000                 8.000000             3.000000       
95.000000            25.000000                 8.000000             2.000000       
95.000000            12.500000                 8.000000             1.000000       
95.000000            12.500000                 8.000000             1.000000       
95.000000            12.500000                 8.000000             1.000000       
96.000000            37.500000                 8.000000             3.000000       
96.000000            25.000000                 8.000000             2.000000       
96.000000            12.500000                 8.000000             1.000000       
96.000000            12.500000                 8.000000             1.000000       
96.000000            12.500000                 8.000000             1.000000       
97.000000            37.500000                 8.000000             3.000000       
97.000000            25.000000                 8.000000             2.000000       
97.000000            12.500000                 8.000000             1.000000       
97.000000            12.500000                 8.000000             1.000000       
97.000000            12.500000                 8.000000             1.000000       
98.000000            50.000000                 6.000000             3.000000       
98.000000            16.666667                 6.000000             1.000000       
98.000000            16.666667                 6.000000             1.000000       
98.000000            16.666667                 6.000000             1.000000       
99.000000            23.076923                 13.000000            3.000000       
99.000000            23.076923                 13.000000            3.000000       
99.000000            15.384615                 13.000000            2.000000       
99.000000            7.692308                  13.000000            1.000000       
99.000000            7.692308                  13.000000            1.000000       
99.000000            7.692308                  13.000000            1.000000       
99.000000            7.692308                  13.000000            1.000000       
99.000000            7.692308                  13.000000            1.000000       
100.000000           42.857143                 7.000000             3.000000       
100.000000           28.571429                 7.000000             2.000000       
100.000000           14.285714                 7.000000             1.000000       
100.000000           14.285714                 7.000000             1.000000       
101.000000           27.272727                 11.000000            3.000000       
101.000000           27.272727                 11.000000            3.000000       
101.000000           9.090909                  11.000000            1.000000       
101.000000           9.090909                  11.000000            1.000000       
101.000000           9.090909                  11.000000            1.000000       
101.000000           9.090909                  11.000000            1.000000       
101.000000           9.090909                  11.000000            1.000000       
102.000000           30.000000                 10.000000            3.000000       
102.000000           20.000000                 10.000000            2.000000       
102.000000           20.000000                 10.000000            2.000000       
102.000000           20.000000                 10.000000            2.000000       
102.000000           10.000000                 10.000000            1.000000       
103.000000           37.500000                 8.000000             3.000000       
103.000000           12.500000                 8.000000             1.000000       
103.000000           12.500000                 8.000000             1.000000       
103.000000           12.500000                 8.000000             1.000000       
103.000000           12.500000                 8.000000             1.000000       
103.000000           12.500000                 8.000000             1.000000       
104.000000           42.857143                 7.000000             3.000000       
104.000000           28.571429                 7.000000             2.000000       
104.000000           14.285714                 7.000000             1.000000       
104.000000           14.285714                 7.000000             1.000000       
105.000000           37.500000                 8.000000             3.000000       
105.000000           25.000000                 8.000000             2.000000       
105.000000           12.500000                 8.000000             1.000000       
105.000000           12.500000                 8.000000             1.000000       
105.000000           12.500000                 8.000000             1.000000       
106.000000           27.272727                 11.000000            3.000000       
106.000000           27.272727                 11.000000            3.000000       
106.000000           18.181818                 11.000000            2.000000       
106.000000           9.090909                  11.000000            1.000000       
106.000000           9.090909                  11.000000            1.000000       
106.000000           9.090909                  11.000000            1.000000       
107.000000           42.857143                 7.000000             3.000000       
107.000000           28.571429                 7.000000             2.000000       
107.000000           14.285714                 7.000000             1.000000       
107.000000           14.285714                 7.000000             1.000000       
108.000000           60.000000                 5.000000             3.000000       
108.000000           20.000000                 5.000000             1.000000       
108.000000           20.000000                 5.000000             1.000000       
109.000000           66.666667                 3.000000             2.000000       
109.000000           33.333333                 3.000000             1.000000       
110.000000           66.666667                 3.000000             2.000000       
110.000000           33.333333                 3.000000             1.000000       
111.000000           28.571429                 7.000000             2.000000       
111.000000           28.571429                 7.000000             2.000000       
111.000000           14.285714                 7.000000             1.000000       
111.000000           14.285714                 7.000000             1.000000       
111.000000           14.285714                 7.000000             1.000000       
112.000000           28.571429                 7.000000             2.000000       
112.000000           28.571429                 7.000000             2.000000       
112.000000           14.285714                 7.000000             1.000000       
112.000000           14.285714                 7.000000             1.000000       
112.000000           14.285714                 7.000000             1.000000       
113.000000           33.333333                 6.000000             2.000000       
113.000000           16.666667                 6.000000             1.000000       
113.000000           16.666667                 6.000000             1.000000       
113.000000           16.666667                 6.000000             1.000000       
113.000000           16.666667                 6.000000             1.000000       
114.000000           40.000000                 5.000000             2.000000       
114.000000           20.000000                 5.000000             1.000000       
114.000000           20.000000                 5.000000             1.000000       
114.000000           20.000000                 5.000000             1.000000       
115.000000           28.571429                 7.000000             2.000000       
115.000000           28.571429                 7.000000             2.000000       
115.000000           14.285714                 7.000000             1.000000       
115.000000           14.285714                 7.000000             1.000000       
115.000000           14.285714                 7.000000             1.000000       
116.000000           50.000000                 4.000000             2.000000       
116.000000           50.000000                 4.000000             2.000000       
117.000000           66.666667                 3.000000             2.000000       
117.000000           33.333333                 3.000000             1.000000       
118.000000           66.666667                 3.000000             2.000000       
118.000000           33.333333                 3.000000             1.000000       
119.000000           66.666667                 3.000000             2.000000       
119.000000           33.333333                 3.000000             1.000000       
120.000000           28.571429                 7.000000             2.000000       
120.000000           28.571429                 7.000000             2.000000       
120.000000           14.285714                 7.000000             1.000000       
120.000000           14.285714                 7.000000             1.000000       
120.000000           14.285714                 7.000000             1.000000       
121.000000           28.571429                 7.000000             2.000000       
121.000000           28.571429                 7.000000             2.000000       
121.000000           28.571429                 7.000000             2.000000       
121.000000           14.285714                 7.000000             1.000000       
122.000000           25.000000                 8.000000             2.000000       
122.000000           25.000000                 8.000000             2.000000       
122.000000           25.000000                 8.000000             2.000000       
122.000000           12.500000                 8.000000             1.000000       
122.000000           12.500000                 8.000000             1.000000       
123.000000           66.666667                 3.000000             2.000000       
123.000000           33.333333                 3.000000             1.000000       
124.000000           50.000000                 4.000000             2.000000       
124.000000           50.000000                 4.000000             2.000000       
125.000000           66.666667                 3.000000             2.000000       
125.000000           33.333333                 3.000000             1.000000       
126.000000           66.666667                 3.000000             2.000000       
126.000000           33.333333                 3.000000             1.000000       
127.000000           50.000000                 4.000000             2.000000       
127.000000           25.000000                 4.000000             1.000000       
127.000000           25.000000                 4.000000             1.000000       
128.000000           66.666667                 3.000000             2.000000       
128.000000           33.333333                 3.000000             1.000000       
129.000000           50.000000                 4.000000             2.000000       
129.000000           25.000000                 4.000000             1.000000       
129.000000           25.000000                 4.000000             1.000000       
130.000000           22.222222                 9.000000             2.000000       
130.000000           22.222222                 9.000000             2.000000       
130.000000           22.222222                 9.000000             2.000000       
130.000000           22.222222                 9.000000             2.000000       
130.000000           11.111111                 9.000000             1.000000       
131.000000           22.222222                 9.000000             2.000000       
131.000000           22.222222                 9.000000             2.000000       
131.000000           11.111111                 9.000000             1.000000       
131.000000           11.111111                 9.000000             1.000000       
131.000000           11.111111                 9.000000             1.000000       
131.000000           11.111111                 9.000000             1.000000       
131.000000           11.111111                 9.000000             1.000000       
132.000000           40.000000                 5.000000             2.000000       
132.000000           20.000000                 5.000000             1.000000       
132.000000           20.000000                 5.000000             1.000000       
132.000000           20.000000                 5.000000             1.000000       
133.000000           33.333333                 6.000000             2.000000       
133.000000           16.666667                 6.000000             1.000000       
133.000000           16.666667                 6.000000             1.000000       
133.000000           16.666667                 6.000000             1.000000       
133.000000           16.666667                 6.000000             1.000000       
134.000000           33.333333                 6.000000             2.000000       
134.000000           33.333333                 6.000000             2.000000       
134.000000           16.666667                 6.000000             1.000000       
134.000000           16.666667                 6.000000             1.000000       
135.000000           13.333333                 15.000000            2.000000       
135.000000           13.333333                 15.000000            2.000000       
135.000000           13.333333                 15.000000            2.000000       
135.000000           13.333333                 15.000000            2.000000       
135.000000           13.333333                 15.000000            2.000000       
135.000000           6.666667                  15.000000            1.000000       
135.000000           6.666667                  15.000000            1.000000       
135.000000           6.666667                  15.000000            1.000000       
135.000000           6.666667                  15.000000            1.000000       
135.000000           6.666667                  15.000000            1.000000       
136.000000           33.333333                 6.000000             2.000000       
136.000000           16.666667                 6.000000             1.000000       
136.000000           16.666667                 6.000000             1.000000       
136.000000           16.666667                 6.000000             1.000000       
136.000000           16.666667                 6.000000             1.000000       
137.000000           28.571429                 7.000000             2.000000       
137.000000           14.285714                 7.000000             1.000000       
137.000000           14.285714                 7.000000             1.000000       
137.000000           14.285714                 7.000000             1.000000       
137.000000           14.285714                 7.000000             1.000000       
137.000000           14.285714                 7.000000             1.000000       
138.000000           40.000000                 5.000000             2.000000       
138.000000           20.000000                 5.000000             1.000000       
138.000000           20.000000                 5.000000             1.000000       
138.000000           20.000000                 5.000000             1.000000       
139.000000           66.666667                 3.000000             2.000000       
139.000000           33.333333                 3.000000             1.000000       
140.000000           50.000000                 4.000000             2.000000       
140.000000           25.000000                 4.000000             1.000000       
140.000000           25.000000                 4.000000             1.000000       
141.000000           25.000000                 8.000000             2.000000       
141.000000           25.000000                 8.000000             2.000000       
141.000000           12.500000                 8.000000             1.000000       
141.000000           12.500000                 8.000000             1.000000       
141.000000           12.500000                 8.000000             1.000000       
141.000000           12.500000                 8.000000             1.000000       
142.000000           28.571429                 7.000000             2.000000       
142.000000           28.571429                 7.000000             2.000000       
142.000000           14.285714                 7.000000             1.000000       
142.000000           14.285714                 7.000000             1.000000       
142.000000           14.285714                 7.000000             1.000000       
143.000000           33.333333                 3.000000             1.000000       
143.000000           33.333333                 3.000000             1.000000       
143.000000           33.333333                 3.000000             1.000000       
144.000000           50.000000                 2.000000             1.000000       
144.000000           50.000000                 2.000000             1.000000       
145.000000           50.000000                 2.000000             1.000000       
145.000000           50.000000                 2.000000             1.000000       
146.000000           50.000000                 2.000000             1.000000       
146.000000           50.000000                 2.000000             1.000000       
147.000000           33.333333                 3.000000             1.000000       
147.000000           33.333333                 3.000000             1.000000       
147.000000           33.333333                 3.000000             1.000000       
148.000000           33.333333                 3.000000             1.000000       
148.000000           33.333333                 3.000000             1.000000       
148.000000           33.333333                 3.000000             1.000000       
149.000000           16.666667                 6.000000             1.000000       
149.000000           16.666667                 6.000000             1.000000       
149.000000           16.666667                 6.000000             1.000000       
149.000000           16.666667                 6.000000             1.000000       
149.000000           16.666667                 6.000000             1.000000       
149.000000           16.666667                 6.000000             1.000000       
150.000000           50.000000                 2.000000             1.000000       
150.000000           50.000000                 2.000000             1.000000       
151.000000           25.000000                 4.000000             1.000000       
151.000000           25.000000                 4.000000             1.000000       
151.000000           25.000000                 4.000000             1.000000       
151.000000           25.000000                 4.000000             1.000000       
152.000000           50.000000                 2.000000             1.000000       
152.000000           50.000000                 2.000000             1.000000       
153.000000           50.000000                 2.000000             1.000000       
153.000000           50.000000                 2.000000             1.000000       
154.000000           25.000000                 4.000000             1.000000       
154.000000           25.000000                 4.000000             1.000000       
154.000000           25.000000                 4.000000             1.000000       
154.000000           25.000000                 4.000000             1.000000       
155.000000           50.000000                 2.000000             1.000000       
155.000000           50.000000                 2.000000             1.000000       
156.000000           50.000000                 2.000000             1.000000       
156.000000           50.000000                 2.000000             1.000000       
157.000000           33.333333                 3.000000             1.000000       
157.000000           33.333333                 3.000000             1.000000       
157.000000           33.333333                 3.000000             1.000000       
158.000000           50.000000                 2.000000             1.000000       
158.000000           50.000000                 2.000000             1.000000       
159.000000           50.000000                 2.000000             1.000000       
159.000000           50.000000                 2.000000             1.000000       
160.000000           33.333333                 3.000000             1.000000       
160.000000           33.333333                 3.000000             1.000000       
160.000000           33.333333                 3.000000             1.000000       
161.000000           25.000000                 4.000000             1.000000       
161.000000           25.000000                 4.000000             1.000000       
161.000000           25.000000                 4.000000             1.000000       
161.000000           25.000000                 4.000000             1.000000       
162.000000           25.000000                 4.000000             1.000000       
162.000000           25.000000                 4.000000             1.000000       
162.000000           25.000000                 4.000000             1.000000       
162.000000           25.000000                 4.000000             1.000000       
163.000000           33.333333                 3.000000             1.000000       
163.000000           33.333333                 3.000000             1.000000       
163.000000           33.333333                 3.000000             1.000000       
164.000000           50.000000                 2.000000             1.000000       
164.000000           50.000000                 2.000000             1.000000       
165.000000           50.000000                 2.000000             1.000000       
165.000000           50.000000                 2.000000             1.000000       
166.000000           50.000000                 2.000000             1.000000       
166.000000           50.000000                 2.000000             1.000000       
167.000000           50.000000                 2.000000             1.000000       
167.000000           50.000000                 2.000000             1.000000       
168.000000           25.000000                 4.000000             1.000000       
168.000000           25.000000                 4.000000             1.000000       
168.000000           25.000000                 4.000000             1.000000       
168.000000           25.000000                 4.000000             1.000000       
169.000000           16.666667                 6.000000             1.000000       
169.000000           16.666667                 6.000000             1.000000       
169.000000           16.666667                 6.000000             1.000000       
169.000000           16.666667                 6.000000             1.000000       
169.000000           16.666667                 6.000000             1.000000       
169.000000           16.666667                 6.000000             1.000000       
0.000000             100.000000                1.000000             1.000000       
0.000000             100.000000                1.000000             1.000000       
0.000000             100.000000                1.000000             1.000000       
0.000000             100.000000                1.000000             1.000000       
0.000000             100.000000                1.000000             1.000000       
0.000000             100.000000                1.000000             1.000000       
0.000000             100.000000                1.000000             1.000000       
0.000000             100.000000                1.000000             1.000000       
0.000000             100.000000                1.000000             1.000000       
0.000000             100.000000                1.000000             1.000000       
0.000000             100.000000                1.000000             1.000000       
0.000000             100.000000                1.000000             1.000000       
0.000000             100.000000                1.000000             1.000000       
0.000000             100.000000                1.000000             1.000000       
0.000000             100.000000                1.000000             1.000000       
0.000000             100.000000                1.000000             1.000000       
0.000000             100.000000                1.000000             1.000000       
0.000000             100.000000                1.000000             1.000000       
0.000000             100.000000                1.000000             1.000000       
0.000000             100.000000                1.000000             1.000000       
0.000000             100.000000                1.000000             1.000000       
0.000000             100.000000                1.000000             1.000000       
0.000000             100.000000                1.000000             1.000000       
0.000000             100.000000                1.000000             1.000000       
0.000000             100.000000                1.000000             1.000000       
0.000000             100.000000                1.000000             1.000000       
0.000000             100.000000                1.000000             1.000000       
0.000000             100.000000                1.000000             1.000000       
0.000000             100.000000                1.000000             1.000000       
0.000000             100.000000                10.000000            10.000000      
0.000000             100.000000                7.000000             7.000000       
0.000000             100.000000                4.000000             4.000000       
0.000000             100.000000                3.000000             3.000000       
0.000000             100.000000                3.000000             3.000000       
0.000000             100.000000                3.000000             3.000000       
0.000000             100.000000                2.000000             2.000000       
0.000000             100.000000                2.000000             2.000000       
0.000000             100.000000                2.000000             2.000000       
0.000000             100.000000                2.000000             2.000000       
0.000000             100.000000                1.000000             1.000000       
0.000000             100.000000                1.000000             1.000000       
0.000000             100.000000                1.000000             1.000000       
0.000000             100.000000                1.000000             1.000000       
0.000000             100.000000                1.000000             1.000000       
0.000000             100.000000                1.000000             1.000000       
0.000000             100.000000                1.000000             1.000000       
0.000000             100.000000                1.000000             1.000000       
0.000000             100.000000                1.000000             1.000000       
0.000000             100.000000                1.000000             1.000000       
0.000000             100.000000                1.000000             1.000000       
0.000000             100.000000                1.000000             1.000000       
0.000000             100.000000                1.000000             1.000000       
0.000000             100.000000                1.000000             1.000000       
0.000000             100.000000                1.000000             1.000000       
0.000000             100.000000                1.000000             1.000000       
0.000000             100.000000                1.000000             1.000000       
0.000000             100.000000                1.000000             1.000000       
0.000000             100.000000                1.000000             1.000000       
0.000000             100.000000                1.000000             1.000000       
0.000000             100.000000                1.000000             1.000000       
0.000000             100.000000                1.000000             1.000000       
0.000000             100.000000                1.000000             1.000000       
0.000000             100.000000                1.000000             1.000000       
0.000000             100.000000                1.000000             1.000000       
0.000000             100.000000                1.000000             1.000000       
0.000000             100.000000                1.000000             1.000000       
0.000000             100.000000                1.000000             1.000000       
0.000000             100.000000                1.000000             1.000000       
0.000000             100.000000                1.000000             1.000000       
0.000000             100.000000                1.000000             1.000000       
0.000000             100.000000                1.000000             1.000000       
0.000000             100.000000                1.000000             1.000000       
0.000000             100.000000                1.000000             1.000000       
0.000000             100.000000                1.000000             1.000000       
0.000000             100.000000                1.000000             1.000000       
0.000000             100.000000                1.000000             1.000000       
